0	0.004975
1	0.004975
2	0.005544
3	0.007933
4	0.00896
5	0.009123
6	0.009372
7	0.009709
8	0.010471
9	0.01077
10	0.011807
11	0.012121
12	0.012132
13	0.01245
14	0.012711
15	0.012741
16	0.012856
17	0.012936
18	0.013134
19	0.013164
20	0.013273
21	0.013508
22	0.013508
23	0.013551
24	0.013572
25	0.013618
26	0.014326
27	0.014363
28	0.014385
29	0.014413
30	0.01454
31	0.014604
32	0.014832
33	0.014957
34	0.015039
35	0.015224
36	0.015387
37	0.015432
38	0.015434
39	0.015449
40	0.01545
41	0.015471
42	0.015512
43	0.015575
44	0.015611
45	0.015614
46	0.015872
47	0.016038
48	0.016076
49	0.01611
50	0.016112
51	0.016127
52	0.016206
53	0.016275
54	0.01631
55	0.01633
56	0.016579
57	0.016649
58	0.016747
59	0.016809
60	0.016848
61	0.016865
62	0.016954
63	0.016957
64	0.016994
65	0.016998
66	0.017027
67	0.017143
68	0.017176
69	0.017199
70	0.017283
71	0.017383
72	0.017392
73	0.0174
74	0.01752
75	0.01771
76	0.017765
77	0.017842
78	0.017871
79	0.017896
80	0.017932
81	0.017939
82	0.01795
83	0.017952
84	0.017962
85	0.017988
86	0.018074
87	0.018119
88	0.018154
89	0.018219
90	0.01841
91	0.018424
92	0.018473
93	0.018569
94	0.018724
95	0.018759
96	0.018765
97	0.018781
98	0.018896
99	0.018916
100	0.018951
101	0.019029
102	0.01908
103	0.019102
104	0.019108
105	0.019135
106	0.019151
107	0.019159
108	0.019159
109	0.019162
110	0.019189
111	0.019192
112	0.01921
113	0.019266
114	0.019272
115	0.019303
116	0.019308
117	0.01937
118	0.019437
119	0.019564
120	0.019592
121	0.019595
122	0.019598
123	0.019602
124	0.019627
125	0.019669
126	0.01972
127	0.019737
128	0.019764
129	0.019766
130	0.019781
131	0.019887
132	0.019892
133	0.019905
134	0.019911
135	0.019927
136	0.019957
137	0.020014
138	0.020016
139	0.020025
140	0.020049
141	0.020143
142	0.020186
143	0.020224
144	0.02031
145	0.020316
146	0.020345
147	0.020346
148	0.020436
149	0.0205
150	0.020527
151	0.020562
152	0.020563
153	0.020598
154	0.020609
155	0.020661
156	0.020721
157	0.020739
158	0.020744
159	0.020758
160	0.020764
161	0.020797
162	0.020828
163	0.020883
164	0.020909
165	0.020911
166	0.020963
167	0.020993
168	0.021007
169	0.021018
170	0.021072
171	0.021073
172	0.021168
173	0.021232
174	0.021268
175	0.021284
176	0.021337
177	0.021351
178	0.021373
179	0.021422
180	0.021486
181	0.021503
182	0.021509
183	0.021516
184	0.021529
185	0.02153
186	0.021593
187	0.021604
188	0.021688
189	0.021727
190	0.021781
191	0.021838
192	0.021839
193	0.021879
194	0.021886
195	0.021897
196	0.021897
197	0.021899
198	0.021921
199	0.021938
200	0.021982
201	0.022079
202	0.022134
203	0.022163
204	0.02218
205	0.022241
206	0.022251
207	0.02228
208	0.022308
209	0.02231
210	0.022332
211	0.022348
212	0.022455
213	0.022472
214	0.022472
215	0.022529
216	0.022538
217	0.022567
218	0.022576
219	0.022599
220	0.022765
221	0.022771
222	0.022795
223	0.022813
224	0.02283
225	0.022851
226	0.022858
227	0.022867
228	0.022893
229	0.023001
230	0.023021
231	0.023042
232	0.023045
233	0.023045
234	0.023082
235	0.023143
236	0.023169
237	0.023198
238	0.023248
239	0.023304
240	0.023313
241	0.023393
242	0.023401
243	0.023429
244	0.023496
245	0.023516
246	0.023533
247	0.023578
248	0.023579
249	0.023588
250	0.023595
251	0.023626
252	0.023649
253	0.023652
254	0.023678
255	0.023702
256	0.023764
257	0.023793
258	0.023822
259	0.023843
260	0.02385
261	0.023867
262	0.023868
263	0.023868
264	0.023901
265	0.023935
266	0.023935
267	0.023937
268	0.023944
269	0.023998
270	0.024
271	0.024025
272	0.024047
273	0.024054
274	0.024061
275	0.02407
276	0.024113
277	0.024181
278	0.024188
279	0.024211
280	0.024211
281	0.024225
282	0.024232
283	0.024242
284	0.024268
285	0.024297
286	0.024309
287	0.02431
288	0.024331
289	0.024331
290	0.024343
291	0.024347
292	0.024355
293	0.024355
294	0.024355
295	0.024358
296	0.024362
297	0.024401
298	0.024401
299	0.024434
300	0.024441
301	0.024454
302	0.024455
303	0.024477
304	0.024487
305	0.02449
306	0.024499
307	0.024522
308	0.024556
309	0.024557
310	0.024589
311	0.024595
312	0.024597
313	0.024605
314	0.024605
315	0.024621
316	0.024634
317	0.024663
318	0.024702
319	0.024739
320	0.024741
321	0.024745
322	0.024774
323	0.024774
324	0.024791
325	0.024791
326	0.024815
327	0.024848
328	0.024879
329	0.024929
330	0.024937
331	0.024985
332	0.024999
333	0.025001
334	0.025001
335	0.025008
336	0.025024
337	0.025024
338	0.025046
339	0.02506
340	0.025069
341	0.025077
342	0.025112
343	0.025114
344	0.02512
345	0.025153
346	0.025198
347	0.025212
348	0.025216
349	0.025225
350	0.025268
351	0.025346
352	0.025379
353	0.025383
354	0.025407
355	0.025427
356	0.02543
357	0.02543
358	0.025437
359	0.025437
360	0.025446
361	0.025456
362	0.025502
363	0.025537
364	0.025583
365	0.025586
366	0.025624
367	0.025624
368	0.025636
369	0.025665
370	0.025667
371	0.025671
372	0.025685
373	0.025715
374	0.025781
375	0.025798
376	0.025824
377	0.025865
378	0.025881
379	0.025882
380	0.025909
381	0.025909
382	0.025909
383	0.025934
384	0.025941
385	0.025962
386	0.025965
387	0.025973
388	0.026018
389	0.026019
390	0.026044
391	0.026058
392	0.026074
393	0.026077
394	0.026086
395	0.026122
396	0.026141
397	0.026184
398	0.02624
399	0.026306
400	0.026306
401	0.026309
402	0.026332
403	0.026341
404	0.026344
405	0.026389
406	0.026393
407	0.026415
408	0.026456
409	0.026486
410	0.026522
411	0.026531
412	0.026536
413	0.026557
414	0.026591
415	0.026625
416	0.026632
417	0.026643
418	0.026673
419	0.026683
420	0.026713
421	0.026727
422	0.026769
423	0.026773
424	0.026785
425	0.026788
426	0.026805
427	0.026807
428	0.026807
429	0.026812
430	0.026865
431	0.02688
432	0.026898
433	0.0269
434	0.02691
435	0.026918
436	0.026943
437	0.026953
438	0.026989
439	0.026998
440	0.026998
441	0.027054
442	0.02708
443	0.027099
444	0.0271
445	0.027136
446	0.027141
447	0.027141
448	0.027143
449	0.027149
450	0.027171
451	0.027175
452	0.027216
453	0.027253
454	0.027253
455	0.027253
456	0.027262
457	0.027264
458	0.027272
459	0.027273
460	0.027302
461	0.027309
462	0.027316
463	0.027333
464	0.027349
465	0.027357
466	0.027357
467	0.027389
468	0.027418
469	0.027432
470	0.027477
471	0.027478
472	0.027489
473	0.027505
474	0.027548
475	0.027562
476	0.027584
477	0.027591
478	0.027593
479	0.027597
480	0.027614
481	0.027614
482	0.027614
483	0.027622
484	0.027624
485	0.02766
486	0.027668
487	0.027683
488	0.027692
489	0.027716
490	0.027717
491	0.027717
492	0.027717
493	0.027725
494	0.027734
495	0.027782
496	0.027793
497	0.027796
498	0.027803
499	0.027845
500	0.027866
501	0.027886
502	0.027902
503	0.027915
504	0.027918
505	0.027927
506	0.027927
507	0.027963
508	0.027979
509	0.027998
510	0.027998
511	0.028018
512	0.028018
513	0.028069
514	0.02813
515	0.028135
516	0.028182
517	0.028195
518	0.028219
519	0.028224
520	0.028224
521	0.028261
522	0.028274
523	0.028275
524	0.028278
525	0.028292
526	0.028296
527	0.028323
528	0.028349
529	0.028357
530	0.028375
531	0.028383
532	0.028446
533	0.028456
534	0.028536
535	0.02854
536	0.028545
537	0.028574
538	0.028575
539	0.028591
540	0.028591
541	0.028594
542	0.028647
543	0.028652
544	0.028698
545	0.028714
546	0.02872
547	0.028726
548	0.028733
549	0.028799
550	0.028799
551	0.028801
552	0.028806
553	0.028808
554	0.028852
555	0.028878
556	0.028939
557	0.028958
558	0.028969
559	0.028976
560	0.028982
561	0.028986
562	0.029006
563	0.029021
564	0.02907
565	0.02908
566	0.02908
567	0.029104
568	0.029109
569	0.029139
570	0.029143
571	0.029172
572	0.029178
573	0.029196
574	0.029202
575	0.029206
576	0.029249
577	0.029258
578	0.029272
579	0.029308
580	0.029319
581	0.029337
582	0.029341
583	0.029343
584	0.029393
585	0.029408
586	0.029413
587	0.029433
588	0.029434
589	0.029454
590	0.029458
591	0.029463
592	0.029478
593	0.02949
594	0.02949
595	0.029502
596	0.029509
597	0.029524
598	0.029524
599	0.029532
600	0.029547
601	0.029553
602	0.029554
603	0.029621
604	0.029626
605	0.029631
606	0.029631
607	0.029638
608	0.029644
609	0.029655
610	0.029658
611	0.029686
612	0.029691
613	0.029696
614	0.029724
615	0.029726
616	0.029727
617	0.029746
618	0.029792
619	0.029794
620	0.02983
621	0.029852
622	0.02988
623	0.02988
624	0.029893
625	0.029899
626	0.029903
627	0.029906
628	0.029907
629	0.029928
630	0.029951
631	0.029973
632	0.029973
633	0.029981
634	0.029988
635	0.030008
636	0.030018
637	0.030032
638	0.030032
639	0.030032
640	0.030036
641	0.030037
642	0.030049
643	0.030049
644	0.030049
645	0.03005
646	0.030067
647	0.030083
648	0.030113
649	0.03012
650	0.030166
651	0.030221
652	0.030246
653	0.030266
654	0.030285
655	0.030289
656	0.030293
657	0.030293
658	0.030301
659	0.030309
660	0.03033
661	0.030334
662	0.030338
663	0.030339
664	0.030362
665	0.030362
666	0.030364
667	0.030371
668	0.030385
669	0.030394
670	0.030402
671	0.030404
672	0.03043
673	0.030436
674	0.030465
675	0.030469
676	0.030497
677	0.030502
678	0.030505
679	0.030525
680	0.030537
681	0.030603
682	0.030619
683	0.030645
684	0.03067
685	0.030694
686	0.030718
687	0.030728
688	0.030732
689	0.030738
690	0.030738
691	0.030747
692	0.03075
693	0.030754
694	0.030766
695	0.030772
696	0.030791
697	0.030809
698	0.030809
699	0.030832
700	0.030838
701	0.030842
702	0.030893
703	0.030893
704	0.030893
705	0.030905
706	0.030925
707	0.030925
708	0.030925
709	0.030936
710	0.030936
711	0.030936
712	0.030936
713	0.030945
714	0.030991
715	0.030993
716	0.031036
717	0.031039
718	0.03104
719	0.031079
720	0.031082
721	0.031087
722	0.031093
723	0.031105
724	0.031119
725	0.031119
726	0.031132
727	0.031163
728	0.031173
729	0.031174
730	0.031191
731	0.031191
732	0.031196
733	0.031196
734	0.031205
735	0.031247
736	0.031247
737	0.031262
738	0.031269
739	0.031276
740	0.03128
741	0.03128
742	0.031294
743	0.031294
744	0.03134
745	0.031341
746	0.031343
747	0.031362
748	0.031365
749	0.031368
750	0.031382
751	0.031383
752	0.031427
753	0.031427
754	0.031439
755	0.031491
756	0.031525
757	0.031543
758	0.031581
759	0.031624
760	0.031638
761	0.031643
762	0.031644
763	0.031654
764	0.031654
765	0.031659
766	0.031661
767	0.031661
768	0.031669
769	0.031698
770	0.031707
771	0.031758
772	0.031787
773	0.031815
774	0.031829
775	0.031842
776	0.031852
777	0.031853
778	0.031871
779	0.031873
780	0.03191
781	0.031914
782	0.031914
783	0.03193
784	0.031935
785	0.031966
786	0.031976
787	0.032017
788	0.032034
789	0.032043
790	0.032054
791	0.032083
792	0.032087
793	0.032112
794	0.032127
795	0.032127
796	0.032127
797	0.032139
798	0.032165
799	0.03217
800	0.032198
801	0.032211
802	0.032221
803	0.032254
804	0.032254
805	0.032266
806	0.032289
807	0.032291
808	0.032292
809	0.032294
810	0.032342
811	0.032384
812	0.032403
813	0.032426
814	0.032432
815	0.032434
816	0.032442
817	0.032442
818	0.032443
819	0.032483
820	0.032486
821	0.032497
822	0.032513
823	0.032517
824	0.032532
825	0.032532
826	0.032557
827	0.032561
828	0.032561
829	0.032598
830	0.032606
831	0.03261
832	0.032617
833	0.03264
834	0.032655
835	0.032662
836	0.032662
837	0.032678
838	0.032712
839	0.032734
840	0.032783
841	0.032786
842	0.032832
843	0.032832
844	0.032833
845	0.032839
846	0.032871
847	0.032891
848	0.032891
849	0.032895
850	0.032905
851	0.032908
852	0.032945
853	0.032962
854	0.032979
855	0.032989
856	0.032989
857	0.032991
858	0.032999
859	0.033014
860	0.033021
861	0.033039
862	0.033043
863	0.033068
864	0.033073
865	0.033114
866	0.033131
867	0.033135
868	0.033135
869	0.033135
870	0.033136
871	0.033161
872	0.033209
873	0.033212
874	0.03323
875	0.033232
876	0.033232
877	0.033236
878	0.03325
879	0.033259
880	0.033268
881	0.033272
882	0.033287
883	0.033314
884	0.033317
885	0.033317
886	0.033317
887	0.033321
888	0.033323
889	0.033327
890	0.033331
891	0.033332
892	0.033332
893	0.033333
894	0.033339
895	0.033342
896	0.033343
897	0.033343
898	0.033343
899	0.033344
900	0.033353
901	0.03336
902	0.033364
903	0.033397
904	0.033404
905	0.033409
906	0.033415
907	0.033417
908	0.03343
909	0.033433
910	0.033433
911	0.033449
912	0.033453
913	0.033456
914	0.033469
915	0.033473
916	0.0335
917	0.033506
918	0.03353
919	0.033534
920	0.033556
921	0.033564
922	0.033579
923	0.03359
924	0.03359
925	0.03359
926	0.03359
927	0.03359
928	0.033601
929	0.033601
930	0.033602
931	0.033644
932	0.033654
933	0.033675
934	0.033677
935	0.033677
936	0.033692
937	0.0337
938	0.033707
939	0.033734
940	0.033766
941	0.033769
942	0.033785
943	0.033785
944	0.033804
945	0.033806
946	0.033814
947	0.033824
948	0.033827
949	0.033872
950	0.033882
951	0.033888
952	0.033891
953	0.033907
954	0.033936
955	0.033936
956	0.03396
957	0.03396
958	0.033965
959	0.033965
960	0.033973
961	0.033975
962	0.033999
963	0.034013
964	0.034016
965	0.034027
966	0.034027
967	0.034028
968	0.034047
969	0.034089
970	0.034102
971	0.034109
972	0.034143
973	0.034146
974	0.03416
975	0.034164
976	0.034183
977	0.034193
978	0.034198
979	0.034201
980	0.034224
981	0.034236
982	0.034244
983	0.034247
984	0.034257
985	0.034268
986	0.034274
987	0.03429
988	0.034291
989	0.034306
990	0.034313
991	0.034313
992	0.034333
993	0.034336
994	0.034336
995	0.034336
996	0.034341
997	0.03436
998	0.03436
999	0.034361
1000	0.034365
1001	0.034374
1002	0.034376
1003	0.034392
1004	0.03442
1005	0.034435
1006	0.034456
1007	0.034456
1008	0.03449
1009	0.034527
1010	0.034527
1011	0.034545
1012	0.034562
1013	0.034569
1014	0.03458
1015	0.034585
1016	0.034603
1017	0.03462
1018	0.034627
1019	0.034636
1020	0.03465
1021	0.034673
1022	0.03468
1023	0.034725
1024	0.034732
1025	0.034738
1026	0.034744
1027	0.034749
1028	0.034765
1029	0.034832
1030	0.03484
1031	0.034847
1032	0.034857
1033	0.034883
1034	0.034899
1035	0.034902
1036	0.034902
1037	0.034906
1038	0.034956
1039	0.034957
1040	0.034981
1041	0.034981
1042	0.034992
1043	0.034999
1044	0.035005
1045	0.035013
1046	0.035069
1047	0.035069
1048	0.035091
1049	0.035132
1050	0.035132
1051	0.035133
1052	0.035134
1053	0.035138
1054	0.035141
1055	0.035144
1056	0.035144
1057	0.035145
1058	0.035169
1059	0.035183
1060	0.035202
1061	0.03522
1062	0.035245
1063	0.035245
1064	0.035246
1065	0.035247
1066	0.035284
1067	0.035284
1068	0.035331
1069	0.035331
1070	0.03534
1071	0.035356
1072	0.035357
1073	0.035365
1074	0.035378
1075	0.03538
1076	0.035387
1077	0.035392
1078	0.035405
1079	0.035407
1080	0.035434
1081	0.03544
1082	0.035446
1083	0.035446
1084	0.03547
1085	0.03547
1086	0.0355
1087	0.035501
1088	0.035522
1089	0.035522
1090	0.035526
1091	0.035531
1092	0.035565
1093	0.035573
1094	0.035574
1095	0.035598
1096	0.035634
1097	0.035642
1098	0.035647
1099	0.035659
1100	0.035659
1101	0.0357
1102	0.035701
1103	0.035705
1104	0.035705
1105	0.035723
1106	0.035749
1107	0.035752
1108	0.035772
1109	0.035772
1110	0.035773
1111	0.035773
1112	0.035778
1113	0.035786
1114	0.035818
1115	0.035819
1116	0.035819
1117	0.035844
1118	0.035857
1119	0.035882
1120	0.035882
1121	0.03589
1122	0.035891
1123	0.035893
1124	0.035893
1125	0.035894
1126	0.035895
1127	0.035899
1128	0.035916
1129	0.035916
1130	0.035999
1131	0.036008
1132	0.036011
1133	0.036013
1134	0.036015
1135	0.036044
1136	0.036053
1137	0.036074
1138	0.036077
1139	0.036078
1140	0.036119
1141	0.036124
1142	0.036125
1143	0.03615
1144	0.036156
1145	0.036165
1146	0.036166
1147	0.036202
1148	0.036202
1149	0.036265
1150	0.036273
1151	0.036279
1152	0.036343
1153	0.036351
1154	0.036379
1155	0.036379
1156	0.036404
1157	0.036414
1158	0.036418
1159	0.036456
1160	0.036457
1161	0.036458
1162	0.036461
1163	0.036461
1164	0.036471
1165	0.036482
1166	0.036489
1167	0.036522
1168	0.036522
1169	0.036533
1170	0.036534
1171	0.036574
1172	0.036586
1173	0.036588
1174	0.036612
1175	0.036618
1176	0.03664
1177	0.03664
1178	0.036676
1179	0.036684
1180	0.036696
1181	0.036696
1182	0.036698
1183	0.036726
1184	0.036731
1185	0.036736
1186	0.036749
1187	0.036768
1188	0.036778
1189	0.036779
1190	0.03679
1191	0.036819
1192	0.03685
1193	0.036863
1194	0.036864
1195	0.036872
1196	0.036903
1197	0.036905
1198	0.036905
1199	0.036912
1200	0.036917
1201	0.036922
1202	0.036924
1203	0.036936
1204	0.036956
1205	0.036962
1206	0.036962
1207	0.036962
1208	0.036962
1209	0.036965
1210	0.036986
1211	0.036993
1212	0.036997
1213	0.037052
1214	0.037091
1215	0.037091
1216	0.037112
1217	0.037119
1218	0.037126
1219	0.037133
1220	0.037133
1221	0.037151
1222	0.037158
1223	0.037179
1224	0.037203
1225	0.037214
1226	0.037214
1227	0.037229
1228	0.037237
1229	0.037265
1230	0.037286
1231	0.037296
1232	0.037309
1233	0.037309
1234	0.037329
1235	0.037344
1236	0.03736
1237	0.037369
1238	0.037421
1239	0.037431
1240	0.037446
1241	0.03748
1242	0.037488
1243	0.03749
1244	0.037491
1245	0.037492
1246	0.03751
1247	0.037528
1248	0.03753
1249	0.03753
1250	0.037535
1251	0.03756
1252	0.037627
1253	0.037627
1254	0.037665
1255	0.037665
1256	0.037666
1257	0.037725
1258	0.037744
1259	0.037773
1260	0.037773
1261	0.037785
1262	0.037795
1263	0.037795
1264	0.037814
1265	0.037825
1266	0.037849
1267	0.037857
1268	0.037869
1269	0.037911
1270	0.037917
1271	0.037997
1272	0.038006
1273	0.038022
1274	0.038025
1275	0.038033
1276	0.038055
1277	0.038057
1278	0.038071
1279	0.038071
1280	0.03809
1281	0.038132
1282	0.038143
1283	0.038147
1284	0.038149
1285	0.038152
1286	0.038169
1287	0.038169
1288	0.038207
1289	0.03823
1290	0.03823
1291	0.038251
1292	0.038273
1293	0.038273
1294	0.038279
1295	0.038283
1296	0.038287
1297	0.038287
1298	0.038289
1299	0.038299
1300	0.038302
1301	0.038302
1302	0.038302
1303	0.038326
1304	0.03833
1305	0.038343
1306	0.038354
1307	0.038368
1308	0.038389
1309	0.0384
1310	0.038401
1311	0.038402
1312	0.038407
1313	0.038417
1314	0.038452
1315	0.038482
1316	0.038492
1317	0.038555
1318	0.038603
1319	0.038631
1320	0.038653
1321	0.038659
1322	0.038659
1323	0.038661
1324	0.038676
1325	0.038676
1326	0.038679
1327	0.038685
1328	0.038695
1329	0.038695
1330	0.038695
1331	0.038698
1332	0.038703
1333	0.038722
1334	0.038731
1335	0.038742
1336	0.038743
1337	0.038749
1338	0.038767
1339	0.038791
1340	0.0388
1341	0.038802
1342	0.038832
1343	0.038842
1344	0.038872
1345	0.038872
1346	0.038873
1347	0.038899
1348	0.038948
1349	0.038967
1350	0.038974
1351	0.038988
1352	0.038995
1353	0.038995
1354	0.039028
1355	0.039032
1356	0.039043
1357	0.03905
1358	0.039055
1359	0.039055
1360	0.039065
1361	0.039069
1362	0.039069
1363	0.039072
1364	0.039074
1365	0.039093
1366	0.039102
1367	0.039104
1368	0.039112
1369	0.039126
1370	0.039126
1371	0.039129
1372	0.039153
1373	0.039162
1374	0.039178
1375	0.039193
1376	0.039245
1377	0.039252
1378	0.039258
1379	0.039258
1380	0.039261
1381	0.039285
1382	0.039289
1383	0.039303
1384	0.039307
1385	0.039308
1386	0.039321
1387	0.039334
1388	0.039336
1389	0.039371
1390	0.03938
1391	0.039416
1392	0.039421
1393	0.039421
1394	0.039435
1395	0.039435
1396	0.039448
1397	0.039448
1398	0.039448
1399	0.039449
1400	0.03949
1401	0.03952
1402	0.039521
1403	0.039521
1404	0.03953
1405	0.039531
1406	0.039572
1407	0.039583
1408	0.039584
1409	0.039602
1410	0.039616
1411	0.039622
1412	0.039622
1413	0.039623
1414	0.039638
1415	0.039647
1416	0.03965
1417	0.039674
1418	0.039678
1419	0.039694
1420	0.039712
1421	0.03972
1422	0.03974
1423	0.039758
1424	0.039812
1425	0.039812
1426	0.039817
1427	0.03982
1428	0.03982
1429	0.039836
1430	0.039872
1431	0.039873
1432	0.039875
1433	0.039902
1434	0.039929
1435	0.039929
1436	0.039934
1437	0.039937
1438	0.039945
1439	0.039968
1440	0.039985
1441	0.039988
1442	0.040002
1443	0.04003
1444	0.040043
1445	0.040043
1446	0.040077
1447	0.040082
1448	0.040098
1449	0.040098
1450	0.040129
1451	0.040129
1452	0.040143
1453	0.040143
1454	0.040168
1455	0.040171
1456	0.040188
1457	0.040207
1458	0.040216
1459	0.04023
1460	0.04023
1461	0.040275
1462	0.040282
1463	0.040282
1464	0.040314
1465	0.040314
1466	0.040339
1467	0.040339
1468	0.040339
1469	0.040343
1470	0.040375
1471	0.040375
1472	0.040399
1473	0.040399
1474	0.040419
1475	0.040419
1476	0.040498
1477	0.040519
1478	0.04056
1479	0.040573
1480	0.040579
1481	0.040583
1482	0.040589
1483	0.040641
1484	0.040675
1485	0.040677
1486	0.040691
1487	0.040705
1488	0.040721
1489	0.040721
1490	0.040721
1491	0.040721
1492	0.040749
1493	0.040753
1494	0.040759
1495	0.040769
1496	0.040769
1497	0.040771
1498	0.040771
1499	0.04079
1500	0.040793
1501	0.040794
1502	0.040796
1503	0.040799
1504	0.040801
1505	0.040828
1506	0.04083
1507	0.040839
1508	0.040862
1509	0.040863
1510	0.040888
1511	0.040888
1512	0.040899
1513	0.040914
1514	0.040927
1515	0.040957
1516	0.040998
1517	0.041005
1518	0.041016
1519	0.041041
1520	0.041057
1521	0.041111
1522	0.041171
1523	0.041171
1524	0.041221
1525	0.041268
1526	0.041291
1527	0.041313
1528	0.041317
1529	0.041357
1530	0.041357
1531	0.041366
1532	0.041391
1533	0.041399
1534	0.041406
1535	0.041421
1536	0.041441
1537	0.041441
1538	0.041465
1539	0.041486
1540	0.041486
1541	0.041494
1542	0.041496
1543	0.041502
1544	0.041525
1545	0.041525
1546	0.041545
1547	0.041569
1548	0.041572
1549	0.041572
1550	0.041576
1551	0.041576
1552	0.041588
1553	0.041589
1554	0.041592
1555	0.041602
1556	0.041602
1557	0.041602
1558	0.041603
1559	0.041611
1560	0.041646
1561	0.041673
1562	0.041673
1563	0.041697
1564	0.041733
1565	0.041746
1566	0.041763
1567	0.041802
1568	0.041802
1569	0.041822
1570	0.041824
1571	0.041824
1572	0.04184
1573	0.041857
1574	0.041888
1575	0.041888
1576	0.041888
1577	0.041893
1578	0.041899
1579	0.041936
1580	0.041975
1581	0.041975
1582	0.041977
1583	0.04198
1584	0.042002
1585	0.042015
1586	0.042035
1587	0.042062
1588	0.042074
1589	0.042074
1590	0.042084
1591	0.042106
1592	0.042106
1593	0.042106
1594	0.042106
1595	0.042116
1596	0.042116
1597	0.042118
1598	0.042119
1599	0.042122
1600	0.042124
1601	0.042172
1602	0.042189
1603	0.042206
1604	0.042206
1605	0.042234
1606	0.042234
1607	0.042241
1608	0.042241
1609	0.042251
1610	0.042252
1611	0.042262
1612	0.042279
1613	0.042326
1614	0.042338
1615	0.042352
1616	0.042357
1617	0.042363
1618	0.042363
1619	0.042369
1620	0.042415
1621	0.042446
1622	0.042467
1623	0.042479
1624	0.042479
1625	0.042548
1626	0.042548
1627	0.042552
1628	0.042556
1629	0.042562
1630	0.042562
1631	0.042579
1632	0.042586
1633	0.042588
1634	0.042617
1635	0.042618
1636	0.042647
1637	0.042651
1638	0.042685
1639	0.042722
1640	0.042736
1641	0.042736
1642	0.042738
1643	0.042739
1644	0.04275
1645	0.04275
1646	0.04276
1647	0.042768
1648	0.042768
1649	0.042783
1650	0.042792
1651	0.042821
1652	0.042842
1653	0.042846
1654	0.042882
1655	0.042882
1656	0.042902
1657	0.042925
1658	0.04294
1659	0.042949
1660	0.042963
1661	0.042968
1662	0.042997
1663	0.042997
1664	0.04302
1665	0.043031
1666	0.04304
1667	0.043087
1668	0.043088
1669	0.04313
1670	0.043138
1671	0.043179
1672	0.043193
1673	0.043213
1674	0.043213
1675	0.043215
1676	0.043223
1677	0.043248
1678	0.043255
1679	0.043307
1680	0.043315
1681	0.043349
1682	0.04336
1683	0.043373
1684	0.043391
1685	0.043396
1686	0.043405
1687	0.043437
1688	0.043437
1689	0.043437
1690	0.043437
1691	0.043454
1692	0.043454
1693	0.043567
1694	0.043572
1695	0.043599
1696	0.043606
1697	0.043608
1698	0.043613
1699	0.043617
1700	0.043623
1701	0.043633
1702	0.043637
1703	0.043639
1704	0.043648
1705	0.043673
1706	0.043727
1707	0.043789
1708	0.0438
1709	0.0438
1710	0.04381
1711	0.043811
1712	0.043857
1713	0.043914
1714	0.043921
1715	0.043996
1716	0.044017
1717	0.044017
1718	0.044026
1719	0.044039
1720	0.044053
1721	0.044102
1722	0.044102
1723	0.04411
1724	0.04411
1725	0.044119
1726	0.044123
1727	0.044133
1728	0.044133
1729	0.044133
1730	0.044139
1731	0.044146
1732	0.044155
1733	0.044165
1734	0.044186
1735	0.044252
1736	0.044252
1737	0.044262
1738	0.044267
1739	0.044267
1740	0.04427
1741	0.04427
1742	0.04427
1743	0.04427
1744	0.044276
1745	0.044287
1746	0.0443
1747	0.044315
1748	0.044315
1749	0.044363
1750	0.044418
1751	0.044418
1752	0.044484
1753	0.044484
1754	0.044497
1755	0.044507
1756	0.044507
1757	0.044507
1758	0.04453
1759	0.044562
1760	0.044577
1761	0.04458
1762	0.044581
1763	0.044606
1764	0.044641
1765	0.044652
1766	0.044685
1767	0.04469
1768	0.044704
1769	0.044704
1770	0.044743
1771	0.044744
1772	0.044751
1773	0.044853
1774	0.044875
1775	0.044879
1776	0.044894
1777	0.044931
1778	0.044968
1779	0.045036
1780	0.045048
1781	0.045087
1782	0.045143
1783	0.045166
1784	0.045166
1785	0.045166
1786	0.045202
1787	0.045207
1788	0.045213
1789	0.045215
1790	0.045222
1791	0.045222
1792	0.045274
1793	0.045274
1794	0.045281
1795	0.045294
1796	0.045355
1797	0.04536
1798	0.04536
1799	0.045375
1800	0.045387
1801	0.045387
1802	0.0454
1803	0.045427
1804	0.045448
1805	0.045461
1806	0.045464
1807	0.045494
1808	0.045531
1809	0.045531
1810	0.045565
1811	0.045581
1812	0.045581
1813	0.045607
1814	0.045625
1815	0.04563
1816	0.04566
1817	0.045662
1818	0.04567
1819	0.04567
1820	0.04567
1821	0.04567
1822	0.045692
1823	0.045709
1824	0.045728
1825	0.045729
1826	0.045739
1827	0.04574
1828	0.045787
1829	0.045788
1830	0.045794
1831	0.045807
1832	0.045809
1833	0.045822
1834	0.045823
1835	0.045845
1836	0.045857
1837	0.045872
1838	0.045881
1839	0.045881
1840	0.045892
1841	0.045905
1842	0.045908
1843	0.045916
1844	0.045927
1845	0.045958
1846	0.045959
1847	0.045981
1848	0.045981
1849	0.045982
1850	0.045982
1851	0.045999
1852	0.045999
1853	0.046023
1854	0.046043
1855	0.046063
1856	0.046082
1857	0.046099
1858	0.046099
1859	0.046122
1860	0.046127
1861	0.046146
1862	0.046151
1863	0.046163
1864	0.046221
1865	0.046242
1866	0.046247
1867	0.046247
1868	0.046247
1869	0.046274
1870	0.046274
1871	0.046274
1872	0.046277
1873	0.046382
1874	0.046386
1875	0.046418
1876	0.046442
1877	0.046462
1878	0.046493
1879	0.046503
1880	0.046535
1881	0.046543
1882	0.046553
1883	0.046553
1884	0.046553
1885	0.046557
1886	0.046588
1887	0.04662
1888	0.046668
1889	0.046668
1890	0.046671
1891	0.04669
1892	0.04669
1893	0.046699
1894	0.046746
1895	0.046779
1896	0.04687
1897	0.046871
1898	0.046895
1899	0.046897
1900	0.046897
1901	0.046905
1902	0.046944
1903	0.047014
1904	0.04702
1905	0.047045
1906	0.047048
1907	0.047079
1908	0.047096
1909	0.047116
1910	0.04713
1911	0.047135
1912	0.047188
1913	0.047199
1914	0.047211
1915	0.047215
1916	0.047251
1917	0.047256
1918	0.047256
1919	0.047274
1920	0.047277
1921	0.047352
1922	0.047367
1923	0.047367
1924	0.047368
1925	0.047392
1926	0.047392
1927	0.047397
1928	0.047397
1929	0.047413
1930	0.047413
1931	0.047419
1932	0.047419
1933	0.047438
1934	0.047453
1935	0.047475
1936	0.047476
1937	0.047486
1938	0.04753
1939	0.047535
1940	0.047571
1941	0.047589
1942	0.047589
1943	0.047713
1944	0.047728
1945	0.047728
1946	0.047754
1947	0.047755
1948	0.047779
1949	0.047806
1950	0.047806
1951	0.047806
1952	0.047822
1953	0.04786
1954	0.04788
1955	0.047945
1956	0.047948
1957	0.048049
1958	0.048056
1959	0.048058
1960	0.048068
1961	0.048081
1962	0.048091
1963	0.048098
1964	0.048114
1965	0.048125
1966	0.048137
1967	0.048156
1968	0.048162
1969	0.048162
1970	0.048166
1971	0.048166
1972	0.048172
1973	0.048191
1974	0.048234
1975	0.048234
1976	0.048238
1977	0.048253
1978	0.048255
1979	0.048285
1980	0.04829
1981	0.04829
1982	0.048302
1983	0.048309
1984	0.048317
1985	0.048333
1986	0.048341
1987	0.048349
1988	0.048351
1989	0.048366
1990	0.048366
1991	0.048389
1992	0.048393
1993	0.048393
1994	0.048403
1995	0.048403
1996	0.048403
1997	0.048506
1998	0.048516
1999	0.048516
2000	0.048558
2001	0.048567
2002	0.048567
2003	0.04859
2004	0.048597
2005	0.048597
2006	0.048599
2007	0.04862
2008	0.04865
2009	0.04866
2010	0.048669
2011	0.048676
2012	0.048734
2013	0.048768
2014	0.048782
2015	0.048814
2016	0.048823
2017	0.048839
2018	0.048858
2019	0.04888
2020	0.048932
2021	0.048959
2022	0.048964
2023	0.049013
2024	0.049014
2025	0.049024
2026	0.049025
2027	0.049027
2028	0.049027
2029	0.049031
2030	0.049038
2031	0.049038
2032	0.04904
2033	0.049041
2034	0.04905
2035	0.049095
2036	0.049098
2037	0.049153
2038	0.04916
2039	0.049185
2040	0.049205
2041	0.049331
2042	0.049361
2043	0.049386
2044	0.049386
2045	0.049387
2046	0.049393
2047	0.049408
2048	0.049448
2049	0.049463
2050	0.049473
2051	0.049476
2052	0.049562
2053	0.049568
2054	0.049568
2055	0.049592
2056	0.049605
2057	0.049619
2058	0.049626
2059	0.049633
2060	0.04965
2061	0.049655
2062	0.049659
2063	0.049761
2064	0.049764
2065	0.049764
2066	0.049831
2067	0.049851
2068	0.049865
2069	0.049894
2070	0.049921
2071	0.049921
2072	0.049921
2073	0.049924
2074	0.049939
2075	0.049949
2076	0.049961
2077	0.049961
2078	0.050004
2079	0.050016
2080	0.050033
2081	0.050037
2082	0.050048
2083	0.050059
2084	0.050082
2085	0.050095
2086	0.050105
2087	0.050109
2088	0.050109
2089	0.05013
2090	0.050175
2091	0.050177
2092	0.050177
2093	0.050177
2094	0.050177
2095	0.050199
2096	0.05022
2097	0.050252
2098	0.050257
2099	0.050274
2100	0.050276
2101	0.050278
2102	0.050279
2103	0.050293
2104	0.050294
2105	0.050325
2106	0.050335
2107	0.050346
2108	0.050386
2109	0.050386
2110	0.050403
2111	0.050413
2112	0.050419
2113	0.050429
2114	0.050429
2115	0.05044
2116	0.050441
2117	0.050441
2118	0.050519
2119	0.050527
2120	0.050548
2121	0.050548
2122	0.050552
2123	0.050566
2124	0.05059
2125	0.050606
2126	0.050612
2127	0.050616
2128	0.050624
2129	0.050637
2130	0.050729
2131	0.050729
2132	0.050739
2133	0.050747
2134	0.050796
2135	0.050823
2136	0.050825
2137	0.050825
2138	0.050836
2139	0.050918
2140	0.050925
2141	0.050985
2142	0.050997
2143	0.051046
2144	0.051051
2145	0.051052
2146	0.051078
2147	0.05109
2148	0.051109
2149	0.051136
2150	0.051157
2151	0.051227
2152	0.051227
2153	0.051228
2154	0.051253
2155	0.051259
2156	0.051259
2157	0.051287
2158	0.051296
2159	0.051297
2160	0.051297
2161	0.051301
2162	0.051302
2163	0.051404
2164	0.051404
2165	0.05141
2166	0.051447
2167	0.051475
2168	0.051481
2169	0.051481
2170	0.051491
2171	0.051507
2172	0.051507
2173	0.051507
2174	0.051538
2175	0.051538
2176	0.051548
2177	0.051578
2178	0.051645
2179	0.051648
2180	0.051651
2181	0.051655
2182	0.051655
2183	0.051735
2184	0.051806
2185	0.051824
2186	0.051836
2187	0.051849
2188	0.051863
2189	0.051871
2190	0.051882
2191	0.051911
2192	0.051924
2193	0.051952
2194	0.051958
2195	0.051968
2196	0.051988
2197	0.052
2198	0.052012
2199	0.052062
2200	0.052086
2201	0.052131
2202	0.052137
2203	0.052137
2204	0.052147
2205	0.052221
2206	0.052225
2207	0.052244
2208	0.052342
2209	0.05235
2210	0.052359
2211	0.052376
2212	0.052403
2213	0.052403
2214	0.052403
2215	0.052435
2216	0.052435
2217	0.052452
2218	0.052452
2219	0.052452
2220	0.052475
2221	0.052483
2222	0.052483
2223	0.052543
2224	0.052549
2225	0.052567
2226	0.052576
2227	0.052606
2228	0.052657
2229	0.052668
2230	0.052668
2231	0.052683
2232	0.052712
2233	0.052729
2234	0.052756
2235	0.052768
2236	0.052794
2237	0.052794
2238	0.052807
2239	0.052844
2240	0.052844
2241	0.052881
2242	0.052881
2243	0.052881
2244	0.052884
2245	0.05289
2246	0.05289
2247	0.05289
2248	0.052891
2249	0.05292
2250	0.052921
2251	0.05296
2252	0.052973
2253	0.052984
2254	0.052984
2255	0.052984
2256	0.052993
2257	0.053007
2258	0.053016
2259	0.053016
2260	0.053019
2261	0.053019
2262	0.053021
2263	0.053085
2264	0.053085
2265	0.053109
2266	0.05311
2267	0.053124
2268	0.053131
2269	0.053133
2270	0.053133
2271	0.053148
2272	0.053148
2273	0.053149
2274	0.053204
2275	0.05321
2276	0.053266
2277	0.053294
2278	0.053294
2279	0.05331
2280	0.053338
2281	0.053435
2282	0.053438
2283	0.053442
2284	0.053442
2285	0.053442
2286	0.053465
2287	0.053549
2288	0.053564
2289	0.053585
2290	0.053616
2291	0.053616
2292	0.05362
2293	0.053662
2294	0.053697
2295	0.053703
2296	0.053765
2297	0.053814
2298	0.05386
2299	0.053882
2300	0.0539
2301	0.053911
2302	0.053911
2303	0.053939
2304	0.053949
2305	0.053949
2306	0.05396
2307	0.05396
2308	0.053966
2309	0.053969
2310	0.053987
2311	0.054014
2312	0.054016
2313	0.054054
2314	0.054066
2315	0.054107
2316	0.054107
2317	0.054132
2318	0.054132
2319	0.054151
2320	0.054151
2321	0.054202
2322	0.054217
2323	0.05428
2324	0.05428
2325	0.05428
2326	0.054315
2327	0.054321
2328	0.054381
2329	0.054395
2330	0.054395
2331	0.054457
2332	0.054458
2333	0.054458
2334	0.054474
2335	0.054491
2336	0.054499
2337	0.054501
2338	0.054516
2339	0.054522
2340	0.054563
2341	0.054563
2342	0.054572
2343	0.054572
2344	0.054626
2345	0.054643
2346	0.054645
2347	0.054646
2348	0.054658
2349	0.054661
2350	0.054676
2351	0.054739
2352	0.054777
2353	0.05481
2354	0.05481
2355	0.054925
2356	0.054925
2357	0.054981
2358	0.054993
2359	0.054993
2360	0.055027
2361	0.055063
2362	0.055063
2363	0.055079
2364	0.055094
2365	0.055111
2366	0.055126
2367	0.05514
2368	0.055153
2369	0.055169
2370	0.055183
2371	0.055206
2372	0.055217
2373	0.055218
2374	0.055218
2375	0.055231
2376	0.055231
2377	0.055231
2378	0.055267
2379	0.055274
2380	0.055296
2381	0.05536
2382	0.055378
2383	0.055384
2384	0.055439
2385	0.055491
2386	0.055517
2387	0.055524
2388	0.055528
2389	0.055533
2390	0.055541
2391	0.055589
2392	0.055602
2393	0.055617
2394	0.055648
2395	0.055648
2396	0.055649
2397	0.055661
2398	0.05571
2399	0.055733
2400	0.055737
2401	0.055749
2402	0.055754
2403	0.055765
2404	0.055773
2405	0.055838
2406	0.055867
2407	0.055879
2408	0.055888
2409	0.055924
2410	0.055924
2411	0.055941
2412	0.055985
2413	0.055999
2414	0.056003
2415	0.056057
2416	0.056113
2417	0.056113
2418	0.056153
2419	0.056153
2420	0.0562
2421	0.056222
2422	0.056222
2423	0.056257
2424	0.056281
2425	0.056342
2426	0.056378
2427	0.05645
2428	0.056483
2429	0.056483
2430	0.056558
2431	0.056558
2432	0.056565
2433	0.05662
2434	0.056628
2435	0.056655
2436	0.05666
2437	0.05666
2438	0.056689
2439	0.05674
2440	0.056757
2441	0.056766
2442	0.056829
2443	0.056829
2444	0.056873
2445	0.056876
2446	0.056891
2447	0.056902
2448	0.056927
2449	0.056927
2450	0.05695
2451	0.057027
2452	0.057067
2453	0.05708
2454	0.057084
2455	0.057084
2456	0.057088
2457	0.057091
2458	0.057094
2459	0.057097
2460	0.05712
2461	0.057143
2462	0.057163
2463	0.057174
2464	0.057175
2465	0.057179
2466	0.057201
2467	0.05724
2468	0.057253
2469	0.057267
2470	0.057429
2471	0.057443
2472	0.057447
2473	0.057453
2474	0.057515
2475	0.057615
2476	0.057615
2477	0.057615
2478	0.057635
2479	0.057719
2480	0.057719
2481	0.057767
2482	0.057804
2483	0.057849
2484	0.057881
2485	0.057924
2486	0.057972
2487	0.057984
2488	0.057996
2489	0.058012
2490	0.058021
2491	0.05807
2492	0.058094
2493	0.058139
2494	0.058149
2495	0.058149
2496	0.058178
2497	0.058237
2498	0.058267
2499	0.058268
2500	0.0583
2501	0.05831
2502	0.058316
2503	0.058324
2504	0.058328
2505	0.058341
2506	0.058345
2507	0.058351
2508	0.058351
2509	0.05837
2510	0.05837
2511	0.058419
2512	0.058419
2513	0.05848
2514	0.058487
2515	0.058495
2516	0.058495
2517	0.058495
2518	0.058512
2519	0.058634
2520	0.058634
2521	0.058704
2522	0.058704
2523	0.058784
2524	0.058784
2525	0.058802
2526	0.058857
2527	0.058857
2528	0.058859
2529	0.058941
2530	0.058942
2531	0.059013
2532	0.059013
2533	0.059054
2534	0.059142
2535	0.059151
2536	0.059174
2537	0.059207
2538	0.059285
2539	0.05933
2540	0.059354
2541	0.059363
2542	0.059365
2543	0.059367
2544	0.059372
2545	0.059374
2546	0.059376
2547	0.059376
2548	0.05941
2549	0.059471
2550	0.059536
2551	0.059573
2552	0.059587
2553	0.059598
2554	0.059653
2555	0.05968
2556	0.05968
2557	0.059685
2558	0.0597
2559	0.059706
2560	0.059706
2561	0.059717
2562	0.05972
2563	0.059771
2564	0.059788
2565	0.059794
2566	0.059805
2567	0.059805
2568	0.059806
2569	0.059833
2570	0.059869
2571	0.059869
2572	0.059884
2573	0.059884
2574	0.059884
2575	0.05998
2576	0.059987
2577	0.060017
2578	0.060047
2579	0.060143
2580	0.060174
2581	0.060181
2582	0.060231
2583	0.060231
2584	0.060232
2585	0.060287
2586	0.060292
2587	0.060302
2588	0.060335
2589	0.060343
2590	0.060353
2591	0.060383
2592	0.060411
2593	0.060455
2594	0.060476
2595	0.060517
2596	0.060517
2597	0.060523
2598	0.060568
2599	0.060568
2600	0.06058
2601	0.06058
2602	0.060584
2603	0.060623
2604	0.060673
2605	0.060695
2606	0.060729
2607	0.060729
2608	0.060729
2609	0.060757
2610	0.060773
2611	0.060804
2612	0.060823
2613	0.060844
2614	0.060871
2615	0.060891
2616	0.060929
2617	0.060953
2618	0.060963
2619	0.060963
2620	0.061071
2621	0.061078
2622	0.061082
2623	0.061082
2624	0.061086
2625	0.061086
2626	0.061089
2627	0.061107
2628	0.061115
2629	0.061133
2630	0.061133
2631	0.061215
2632	0.061236
2633	0.061239
2634	0.061242
2635	0.061246
2636	0.061246
2637	0.061246
2638	0.061367
2639	0.06137
2640	0.061402
2641	0.061402
2642	0.061403
2643	0.06141
2644	0.061454
2645	0.061523
2646	0.061523
2647	0.061599
2648	0.061619
2649	0.061623
2650	0.061629
2651	0.061717
2652	0.061745
2653	0.061759
2654	0.061854
2655	0.061876
2656	0.061898
2657	0.061898
2658	0.061901
2659	0.061901
2660	0.061929
2661	0.061929
2662	0.061992
2663	0.062029
2664	0.062049
2665	0.062147
2666	0.062159
2667	0.062222
2668	0.062229
2669	0.062287
2670	0.062325
2671	0.062372
2672	0.062372
2673	0.062372
2674	0.062376
2675	0.062385
2676	0.06262
2677	0.062721
2678	0.062721
2679	0.062723
2680	0.062725
2681	0.062765
2682	0.062806
2683	0.062844
2684	0.062866
2685	0.062991
2686	0.063041
2687	0.063045
2688	0.063045
2689	0.063046
2690	0.063071
2691	0.063079
2692	0.063089
2693	0.063089
2694	0.063207
2695	0.063207
2696	0.06324
2697	0.063261
2698	0.063271
2699	0.063298
2700	0.063313
2701	0.063317
2702	0.063318
2703	0.063329
2704	0.063329
2705	0.063329
2706	0.063338
2707	0.06345
2708	0.063539
2709	0.063556
2710	0.063556
2711	0.063601
2712	0.063639
2713	0.063653
2714	0.063674
2715	0.06388
2716	0.063892
2717	0.063899
2718	0.063922
2719	0.063922
2720	0.06395
2721	0.063959
2722	0.063992
2723	0.064034
2724	0.064153
2725	0.064153
2726	0.064213
2727	0.064243
2728	0.064252
2729	0.064321
2730	0.064364
2731	0.06437
2732	0.064467
2733	0.064467
2734	0.064486
2735	0.064511
2736	0.064519
2737	0.064528
2738	0.064528
2739	0.06457
2740	0.064601
2741	0.064601
2742	0.064629
2743	0.06463
2744	0.06463
2745	0.064634
2746	0.064634
2747	0.064636
2748	0.064701
2749	0.064701
2750	0.064707
2751	0.06474
2752	0.064744
2753	0.064816
2754	0.064823
2755	0.064831
2756	0.064872
2757	0.064896
2758	0.064899
2759	0.064921
2760	0.065034
2761	0.065035
2762	0.065079
2763	0.06511
2764	0.06511
2765	0.065149
2766	0.065198
2767	0.065198
2768	0.065264
2769	0.065302
2770	0.06541
2771	0.065415
2772	0.065438
2773	0.065577
2774	0.065646
2775	0.065701
2776	0.065758
2777	0.065799
2778	0.065852
2779	0.065883
2780	0.065965
2781	0.065974
2782	0.065988
2783	0.066021
2784	0.066045
2785	0.066045
2786	0.066093
2787	0.066161
2788	0.066161
2789	0.066161
2790	0.066172
2791	0.066202
2792	0.066299
2793	0.066398
2794	0.066404
2795	0.066404
2796	0.066454
2797	0.066454
2798	0.066535
2799	0.066535
2800	0.066535
2801	0.066546
2802	0.066617
2803	0.066626
2804	0.066626
2805	0.066659
2806	0.06666
2807	0.06666
2808	0.066719
2809	0.066766
2810	0.066858
2811	0.066935
2812	0.066935
2813	0.066964
2814	0.066965
2815	0.06697
2816	0.066978
2817	0.067003
2818	0.067059
2819	0.067148
2820	0.067148
2821	0.067184
2822	0.067194
2823	0.067333
2824	0.067342
2825	0.067351
2826	0.067351
2827	0.067446
2828	0.067446
2829	0.067466
2830	0.067466
2831	0.067544
2832	0.06755
2833	0.067558
2834	0.067558
2835	0.067664
2836	0.067696
2837	0.0677
2838	0.067714
2839	0.067718
2840	0.067842
2841	0.067842
2842	0.06785
2843	0.067871
2844	0.067952
2845	0.067972
2846	0.067972
2847	0.068078
2848	0.068078
2849	0.068103
2850	0.068139
2851	0.068153
2852	0.068184
2853	0.068192
2854	0.068275
2855	0.068277
2856	0.06829
2857	0.068424
2858	0.068424
2859	0.068436
2860	0.068436
2861	0.068518
2862	0.068518
2863	0.068518
2864	0.068559
2865	0.068581
2866	0.068605
2867	0.068679
2868	0.068689
2869	0.068689
2870	0.068694
2871	0.068694
2872	0.068743
2873	0.068766
2874	0.068818
2875	0.068909
2876	0.06903
2877	0.06903
2878	0.069062
2879	0.069064
2880	0.069071
2881	0.069071
2882	0.069097
2883	0.069113
2884	0.069113
2885	0.069193
2886	0.069248
2887	0.06926
2888	0.06926
2889	0.069275
2890	0.069284
2891	0.069298
2892	0.069298
2893	0.069318
2894	0.069323
2895	0.069452
2896	0.069485
2897	0.069485
2898	0.069485
2899	0.069485
2900	0.069538
2901	0.069547
2902	0.069699
2903	0.069699
2904	0.069773
2905	0.069966
2906	0.069966
2907	0.069979
2908	0.070043
2909	0.0701
2910	0.0701
2911	0.070224
2912	0.070224
2913	0.070358
2914	0.070472
2915	0.070472
2916	0.070487
2917	0.07049
2918	0.07049
2919	0.070544
2920	0.070544
2921	0.07059
2922	0.070638
2923	0.070711
2924	0.070757
2925	0.070824
2926	0.070959
2927	0.070978
2928	0.071043
2929	0.071052
2930	0.071075
2931	0.071124
2932	0.071152
2933	0.071152
2934	0.071195
2935	0.071196
2936	0.071196
2937	0.071196
2938	0.071232
2939	0.07126
2940	0.071305
2941	0.071384
2942	0.071405
2943	0.071421
2944	0.071458
2945	0.071488
2946	0.071544
2947	0.071547
2948	0.071584
2949	0.071601
2950	0.071602
2951	0.071755
2952	0.071755
2953	0.071764
2954	0.071799
2955	0.071929
2956	0.071994
2957	0.071997
2958	0.072018
2959	0.072018
2960	0.072027
2961	0.072027
2962	0.072029
2963	0.072031
2964	0.072039
2965	0.072039
2966	0.07204
2967	0.072052
2968	0.072072
2969	0.072075
2970	0.072163
2971	0.072326
2972	0.072342
2973	0.072367
2974	0.072499
2975	0.072534
2976	0.072566
2977	0.072672
2978	0.072678
2979	0.072678
2980	0.072789
2981	0.0728
2982	0.072911
2983	0.072922
2984	0.072933
2985	0.072961
2986	0.073001
2987	0.073062
2988	0.073128
2989	0.073169
2990	0.073237
2991	0.073271
2992	0.073286
2993	0.073286
2994	0.073343
2995	0.073345
2996	0.073357
2997	0.073412
2998	0.073417
2999	0.073535
3000	0.0736
3001	0.073712
3002	0.073741
3003	0.073754
3004	0.07378
3005	0.07378
3006	0.073874
3007	0.073914
3008	0.074099
3009	0.074129
3010	0.074154
3011	0.074166
3012	0.074247
3013	0.074283
3014	0.074283
3015	0.074327
3016	0.074361
3017	0.074371
3018	0.074419
3019	0.07445
3020	0.074456
3021	0.074572
3022	0.074709
3023	0.074789
3024	0.074817
3025	0.074827
3026	0.074827
3027	0.074871
3028	0.074913
3029	0.074949
3030	0.074949
3031	0.074952
3032	0.075106
3033	0.075106
3034	0.075107
3035	0.075107
3036	0.075139
3037	0.07526
3038	0.075369
3039	0.075369
3040	0.075371
3041	0.075373
3042	0.075509
3043	0.075548
3044	0.075548
3045	0.075548
3046	0.075549
3047	0.07555
3048	0.075579
3049	0.075606
3050	0.075661
3051	0.075748
3052	0.075759
3053	0.075813
3054	0.075813
3055	0.075901
3056	0.075901
3057	0.075901
3058	0.075901
3059	0.075908
3060	0.075981
3061	0.075994
3062	0.075994
3063	0.076032
3064	0.076035
3065	0.076086
3066	0.076237
3067	0.076318
3068	0.076344
3069	0.076404
3070	0.07646
3071	0.076549
3072	0.076565
3073	0.076605
3074	0.076605
3075	0.076625
3076	0.076625
3077	0.076678
3078	0.076693
3079	0.076778
3080	0.076836
3081	0.076836
3082	0.076844
3083	0.076862
3084	0.076936
3085	0.076945
3086	0.076954
3087	0.077027
3088	0.077028
3089	0.077092
3090	0.077092
3091	0.077139
3092	0.077242
3093	0.077299
3094	0.077328
3095	0.077369
3096	0.077391
3097	0.077391
3098	0.077391
3099	0.077432
3100	0.07751
3101	0.077616
3102	0.07766
3103	0.077781
3104	0.077842
3105	0.077863
3106	0.07787
3107	0.077902
3108	0.077906
3109	0.077923
3110	0.077923
3111	0.077992
3112	0.078
3113	0.078031
3114	0.07804
3115	0.078041
3116	0.078102
3117	0.078112
3118	0.078136
3119	0.07814
3120	0.078146
3121	0.078146
3122	0.078146
3123	0.078149
3124	0.078161
3125	0.07823
3126	0.078409
3127	0.078416
3128	0.078516
3129	0.078552
3130	0.078592
3131	0.078606
3132	0.078621
3133	0.078621
3134	0.078656
3135	0.078665
3136	0.078668
3137	0.07872
3138	0.07872
3139	0.078843
3140	0.078886
3141	0.078892
3142	0.079126
3143	0.079143
3144	0.079333
3145	0.079358
3146	0.07941
3147	0.079431
3148	0.079431
3149	0.079469
3150	0.079469
3151	0.079525
3152	0.079525
3153	0.079525
3154	0.079593
3155	0.079716
3156	0.07972
3157	0.07976
3158	0.07979
3159	0.079912
3160	0.079918
3161	0.079948
3162	0.080006
3163	0.080012
3164	0.080202
3165	0.080202
3166	0.080372
3167	0.080546
3168	0.080566
3169	0.080566
3170	0.080566
3171	0.080593
3172	0.080665
3173	0.080665
3174	0.080734
3175	0.08075
3176	0.08077
3177	0.080917
3178	0.080967
3179	0.080971
3180	0.080971
3181	0.081022
3182	0.081026
3183	0.081293
3184	0.081311
3185	0.081377
3186	0.081407
3187	0.081407
3188	0.081407
3189	0.081447
3190	0.08148
3191	0.081514
3192	0.081564
3193	0.081567
3194	0.081567
3195	0.081582
3196	0.08161
3197	0.081634
3198	0.08164
3199	0.08164
3200	0.081687
3201	0.08169
3202	0.081707
3203	0.081707
3204	0.081734
3205	0.081826
3206	0.081826
3207	0.081915
3208	0.081921
3209	0.08198
3210	0.08198
3211	0.082056
3212	0.082068
3213	0.082326
3214	0.082359
3215	0.082461
3216	0.082461
3217	0.082465
3218	0.082549
3219	0.082562
3220	0.082591
3221	0.082611
3222	0.082621
3223	0.082621
3224	0.082671
3225	0.082711
3226	0.082711
3227	0.082711
3228	0.082711
3229	0.082711
3230	0.082808
3231	0.082808
3232	0.082863
3233	0.082863
3234	0.082938
3235	0.082975
3236	0.08311
3237	0.08311
3238	0.083145
3239	0.083194
3240	0.083226
3241	0.083226
3242	0.083261
3243	0.083317
3244	0.08341
3245	0.08341
3246	0.08358
3247	0.083604
3248	0.083654
3249	0.083717
3250	0.083777
3251	0.083812
3252	0.083837
3253	0.084067
3254	0.084149
3255	0.084176
3256	0.08427
3257	0.084307
3258	0.084328
3259	0.084379
3260	0.084379
3261	0.084418
3262	0.084447
3263	0.084523
3264	0.08453
3265	0.084591
3266	0.084744
3267	0.084802
3268	0.08494
3269	0.084962
3270	0.084962
3271	0.085033
3272	0.085156
3273	0.085193
3274	0.085193
3275	0.085223
3276	0.085271
3277	0.085271
3278	0.085388
3279	0.085441
3280	0.085441
3281	0.085471
3282	0.085584
3283	0.085606
3284	0.085628
3285	0.085628
3286	0.085659
3287	0.085761
3288	0.085796
3289	0.085997
3290	0.086003
3291	0.086005
3292	0.086005
3293	0.086238
3294	0.086267
3295	0.086267
3296	0.086287
3297	0.086294
3298	0.086333
3299	0.086431
3300	0.086477
3301	0.086498
3302	0.086555
3303	0.086555
3304	0.086575
3305	0.086634
3306	0.086702
3307	0.086702
3308	0.086757
3309	0.086885
3310	0.086885
3311	0.086904
3312	0.086952
3313	0.087096
3314	0.087151
3315	0.087151
3316	0.087283
3317	0.087401
3318	0.087462
3319	0.087503
3320	0.087563
3321	0.087574
3322	0.087592
3323	0.08769
3324	0.087701
3325	0.087718
3326	0.087731
3327	0.087741
3328	0.087872
3329	0.08795
3330	0.08795
3331	0.087952
3332	0.088081
3333	0.088207
3334	0.088219
3335	0.088279
3336	0.088312
3337	0.088312
3338	0.088433
3339	0.088495
3340	0.088606
3341	0.088616
3342	0.088669
3343	0.088685
3344	0.088685
3345	0.088685
3346	0.088766
3347	0.088815
3348	0.08888
3349	0.089016
3350	0.089021
3351	0.089021
3352	0.089021
3353	0.089021
3354	0.089063
3355	0.089064
3356	0.089095
3357	0.089095
3358	0.089107
3359	0.089123
3360	0.089148
3361	0.089151
3362	0.089236
3363	0.089306
3364	0.089401
3365	0.089518
3366	0.089559
3367	0.089559
3368	0.089767
3369	0.089797
3370	0.089805
3371	0.089954
3372	0.089954
3373	0.0901
3374	0.090188
3375	0.090188
3376	0.090203
3377	0.090251
3378	0.090348
3379	0.090358
3380	0.090395
3381	0.090424
3382	0.09043
3383	0.090656
3384	0.09076
3385	0.090769
3386	0.090904
3387	0.090909
3388	0.090923
3389	0.090923
3390	0.090948
3391	0.091107
3392	0.091112
3393	0.091141
3394	0.091159
3395	0.091166
3396	0.091253
3397	0.091276
3398	0.091278
3399	0.0913
3400	0.09132
3401	0.091324
3402	0.09165
3403	0.091995
3404	0.09206
3405	0.092093
3406	0.092251
3407	0.092279
3408	0.092307
3409	0.092402
3410	0.092402
3411	0.092429
3412	0.092525
3413	0.092529
3414	0.092547
3415	0.092547
3416	0.092625
3417	0.092753
3418	0.092782
3419	0.092808
3420	0.092946
3421	0.092946
3422	0.092957
3423	0.093131
3424	0.093136
3425	0.093177
3426	0.093254
3427	0.093255
3428	0.093507
3429	0.09358
3430	0.093614
3431	0.093614
3432	0.093798
3433	0.093886
3434	0.093961
3435	0.094023
3436	0.094239
3437	0.094373
3438	0.094373
3439	0.094421
3440	0.094437
3441	0.094455
3442	0.094771
3443	0.09507
3444	0.09507
3445	0.095263
3446	0.095593
3447	0.095604
3448	0.095606
3449	0.095706
3450	0.095706
3451	0.095706
3452	0.095741
3453	0.095768
3454	0.095938
3455	0.09604
3456	0.096076
3457	0.096076
3458	0.096076
3459	0.096116
3460	0.096192
3461	0.096192
3462	0.096192
3463	0.096195
3464	0.096281
3465	0.096281
3466	0.096386
3467	0.096466
3468	0.096554
3469	0.096608
3470	0.096608
3471	0.096616
3472	0.096637
3473	0.096762
3474	0.096769
3475	0.096874
3476	0.096954
3477	0.096958
3478	0.096958
3479	0.097014
3480	0.097057
3481	0.097158
3482	0.097158
3483	0.097176
3484	0.097178
3485	0.097282
3486	0.097391
3487	0.097406
3488	0.097406
3489	0.097499
3490	0.097632
3491	0.097868
3492	0.097945
3493	0.097945
3494	0.097971
3495	0.098005
3496	0.098077
3497	0.098173
3498	0.098323
3499	0.098457
3500	0.098937
3501	0.098955
3502	0.099015
3503	0.099057
3504	0.099303
3505	0.099429
3506	0.099438
3507	0.099445
3508	0.099525
3509	0.099591
3510	0.099591
3511	0.099744
3512	0.099744
3513	0.099946
3514	0.100036
3515	0.100068
3516	0.100082
3517	0.100433
3518	0.100564
3519	0.100914
3520	0.100914
3521	0.100955
3522	0.100985
3523	0.10105
3524	0.101185
3525	0.101277
3526	0.101359
3527	0.10138
3528	0.101391
3529	0.101391
3530	0.101424
3531	0.101668
3532	0.101692
3533	0.101778
3534	0.101971
3535	0.102023
3536	0.102181
3537	0.102181
3538	0.102181
3539	0.102181
3540	0.102181
3541	0.102285
3542	0.102411
3543	0.10253
3544	0.102534
3545	0.102548
3546	0.10281
3547	0.102896
3548	0.103109
3549	0.103181
3550	0.103216
3551	0.103306
3552	0.103393
3553	0.103468
3554	0.103493
3555	0.103673
3556	0.103673
3557	0.103753
3558	0.103776
3559	0.103797
3560	0.10394
3561	0.104119
3562	0.10413
3563	0.104133
3564	0.104133
3565	0.104133
3566	0.104133
3567	0.104296
3568	0.104296
3569	0.10439
3570	0.10439
3571	0.10439
3572	0.104402
3573	0.104402
3574	0.104557
3575	0.104557
3576	0.104655
3577	0.104673
3578	0.104683
3579	0.104684
3580	0.104747
3581	0.104762
3582	0.104887
3583	0.104982
3584	0.104982
3585	0.105031
3586	0.105043
3587	0.105057
3588	0.105137
3589	0.105353
3590	0.105734
3591	0.105881
3592	0.105931
3593	0.105944
3594	0.105944
3595	0.10621
3596	0.106319
3597	0.10638
3598	0.106527
3599	0.106645
3600	0.106718
3601	0.106823
3602	0.106922
3603	0.106939
3604	0.10703
3605	0.10708
3606	0.107132
3607	0.107132
3608	0.107186
3609	0.107233
3610	0.107259
3611	0.107299
3612	0.107322
3613	0.107322
3614	0.107536
3615	0.107668
3616	0.10771
3617	0.107767
3618	0.107767
3619	0.107789
3620	0.107814
3621	0.1079
3622	0.107905
3623	0.107986
3624	0.107986
3625	0.107986
3626	0.107986
3627	0.108094
3628	0.108191
3629	0.108515
3630	0.108609
3631	0.108698
3632	0.108725
3633	0.108734
3634	0.108776
3635	0.108823
3636	0.108855
3637	0.10888
3638	0.109117
3639	0.10921
3640	0.109417
3641	0.109421
3642	0.109431
3643	0.109439
3644	0.109473
3645	0.109475
3646	0.109597
3647	0.109601
3648	0.109667
3649	0.109667
3650	0.109845
3651	0.109859
3652	0.109859
3653	0.109859
3654	0.109918
3655	0.110008
3656	0.110158
3657	0.110158
3658	0.11025
3659	0.11048
3660	0.11048
3661	0.110574
3662	0.110697
3663	0.110742
3664	0.110771
3665	0.110896
3666	0.110949
3667	0.111029
3668	0.111029
3669	0.111047
3670	0.111056
3671	0.111201
3672	0.111271
3673	0.111359
3674	0.111524
3675	0.111589
3676	0.111589
3677	0.111892
3678	0.111959
3679	0.111982
3680	0.112062
3681	0.112073
3682	0.112082
3683	0.112139
3684	0.112139
3685	0.112177
3686	0.112293
3687	0.112293
3688	0.112293
3689	0.112493
3690	0.112516
3691	0.112625
3692	0.112686
3693	0.112705
3694	0.112857
3695	0.112983
3696	0.113269
3697	0.113317
3698	0.113349
3699	0.113349
3700	0.113576
3701	0.113749
3702	0.113749
3703	0.113771
3704	0.113816
3705	0.113816
3706	0.113821
3707	0.113831
3708	0.113855
3709	0.113867
3710	0.114463
3711	0.114466
3712	0.11447
3713	0.114494
3714	0.114583
3715	0.114583
3716	0.114608
3717	0.114608
3718	0.114608
3719	0.114906
3720	0.114943
3721	0.115043
3722	0.115315
3723	0.115329
3724	0.115401
3725	0.115478
3726	0.115478
3727	0.115753
3728	0.115753
3729	0.115811
3730	0.115908
3731	0.115908
3732	0.115915
3733	0.116019
3734	0.116019
3735	0.116149
3736	0.116472
3737	0.116527
3738	0.11655
3739	0.116633
3740	0.116733
3741	0.116797
3742	0.116957
3743	0.117124
3744	0.117124
3745	0.117251
3746	0.117252
3747	0.117465
3748	0.117472
3749	0.117472
3750	0.117533
3751	0.117701
3752	0.117744
3753	0.117895
3754	0.117895
3755	0.118002
3756	0.118024
3757	0.118024
3758	0.118263
3759	0.118531
3760	0.118534
3761	0.118544
3762	0.11856
3763	0.118693
3764	0.118701
3765	0.119073
3766	0.1191
3767	0.1191
3768	0.119262
3769	0.119275
3770	0.119275
3771	0.11931
3772	0.11938
3773	0.119417
3774	0.119473
3775	0.119473
3776	0.119473
3777	0.11955
3778	0.119572
3779	0.119761
3780	0.119844
3781	0.119911
3782	0.120241
3783	0.120312
3784	0.120352
3785	0.120379
3786	0.12039
3787	0.12039
3788	0.120555
3789	0.120637
3790	0.120637
3791	0.120888
3792	0.121233
3793	0.121305
3794	0.121336
3795	0.121458
3796	0.121501
3797	0.121598
3798	0.122389
3799	0.122506
3800	0.122597
3801	0.122742
3802	0.122742
3803	0.12285
3804	0.122952
3805	0.122972
3806	0.122972
3807	0.123212
3808	0.123662
3809	0.12375
3810	0.123755
3811	0.123755
3812	0.123933
3813	0.124083
3814	0.124194
3815	0.124239
3816	0.12453
3817	0.125001
3818	0.125448
3819	0.125611
3820	0.125611
3821	0.125622
3822	0.125679
3823	0.125686
3824	0.125833
3825	0.12599
3826	0.126005
3827	0.12611
3828	0.126357
3829	0.126406
3830	0.126538
3831	0.126714
3832	0.126801
3833	0.126825
3834	0.127008
3835	0.127008
3836	0.127008
3837	0.127008
3838	0.127008
3839	0.127138
3840	0.127321
3841	0.127562
3842	0.127562
3843	0.1277
3844	0.127846
3845	0.127846
3846	0.128228
3847	0.128485
3848	0.128583
3849	0.128654
3850	0.128654
3851	0.128693
3852	0.128701
3853	0.128778
3854	0.128798
3855	0.128887
3856	0.129237
3857	0.129271
3858	0.1293
3859	0.129346
3860	0.129515
3861	0.129557
3862	0.129626
3863	0.129764
3864	0.129774
3865	0.129859
3866	0.129877
3867	0.130049
3868	0.130311
3869	0.130311
3870	0.130519
3871	0.130814
3872	0.130814
3873	0.131037
3874	0.131064
3875	0.131064
3876	0.131121
3877	0.131121
3878	0.131121
3879	0.131122
3880	0.131122
3881	0.131343
3882	0.131401
3883	0.131408
3884	0.131672
3885	0.131742
3886	0.131742
3887	0.131742
3888	0.13196
3889	0.131969
3890	0.131969
3891	0.13199
3892	0.132038
3893	0.132559
3894	0.133045
3895	0.133217
3896	0.133234
3897	0.133253
3898	0.133474
3899	0.133797
3900	0.133893
3901	0.134202
3902	0.134298
3903	0.134649
3904	0.134663
3905	0.13485
3906	0.134861
3907	0.134872
3908	0.134872
3909	0.134891
3910	0.134929
3911	0.134929
3912	0.135431
3913	0.135445
3914	0.135722
3915	0.13585
3916	0.135972
3917	0.135972
3918	0.136109
3919	0.136138
3920	0.136138
3921	0.136692
3922	0.136773
3923	0.13684
3924	0.136986
3925	0.137237
3926	0.137289
3927	0.137499
3928	0.137499
3929	0.137648
3930	0.137648
3931	0.137783
3932	0.137836
3933	0.137881
3934	0.137881
3935	0.13793
3936	0.138499
3937	0.138508
3938	0.13868
3939	0.138698
3940	0.138982
3941	0.138982
3942	0.139005
3943	0.139035
3944	0.139052
3945	0.139175
3946	0.139491
3947	0.139491
3948	0.139588
3949	0.139802
3950	0.139849
3951	0.13998
3952	0.140173
3953	0.140173
3954	0.140198
3955	0.140525
3956	0.140542
3957	0.140566
3958	0.140602
3959	0.140602
3960	0.140618
3961	0.140708
3962	0.140708
3963	0.140737
3964	0.140819
3965	0.141308
3966	0.141308
3967	0.141493
3968	0.141493
3969	0.14152
3970	0.141727
3971	0.141991
3972	0.141991
3973	0.142323
3974	0.142437
3975	0.142535
3976	0.142563
3977	0.142597
3978	0.142597
3979	0.142932
3980	0.142932
3981	0.143022
3982	0.143371
3983	0.143508
3984	0.144067
3985	0.144447
3986	0.144486
3987	0.144499
3988	0.144765
3989	0.144765
3990	0.144814
3991	0.144878
3992	0.14495
3993	0.145239
3994	0.145361
3995	0.145424
3996	0.145587
3997	0.145587
3998	0.145736
3999	0.145871
4000	0.145872
4001	0.145961
4002	0.14628
4003	0.147
4004	0.147235
4005	0.147595
4006	0.147785
4007	0.147835
4008	0.147835
4009	0.148165
4010	0.148655
4011	0.149341
4012	0.15004
4013	0.150438
4014	0.150438
4015	0.150438
4016	0.150851
4017	0.150851
4018	0.150921
4019	0.150991
4020	0.150991
4021	0.151099
4022	0.151638
4023	0.151682
4024	0.151687
4025	0.151782
4026	0.15203
4027	0.152196
4028	0.152196
4029	0.152244
4030	0.152244
4031	0.152653
4032	0.152675
4033	0.152962
4034	0.152962
4035	0.153571
4036	0.153979
4037	0.154422
4038	0.154755
4039	0.154771
4040	0.154903
4041	0.154903
4042	0.154903
4043	0.154908
4044	0.155006
4045	0.155068
4046	0.155068
4047	0.155296
4048	0.155296
4049	0.155395
4050	0.1557
4051	0.155801
4052	0.156164
4053	0.156286
4054	0.156286
4055	0.156302
4056	0.156431
4057	0.156625
4058	0.156625
4059	0.156646
4060	0.156672
4061	0.157279
4062	0.157404
4063	0.157437
4064	0.158456
4065	0.158671
4066	0.159002
4067	0.159104
4068	0.159104
4069	0.15956
4070	0.159746
4071	0.159863
4072	0.160991
4073	0.160991
4074	0.160991
4075	0.161051
4076	0.161222
4077	0.161222
4078	0.161236
4079	0.161327
4080	0.161918
4081	0.161918
4082	0.161969
4083	0.161969
4084	0.162104
4085	0.162181
4086	0.162603
4087	0.162623
4088	0.162623
4089	0.163504
4090	0.163808
4091	0.163943
4092	0.164062
4093	0.164062
4094	0.165349
4095	0.165799
4096	0.166448
4097	0.166448
4098	0.166468
4099	0.167436
4100	0.167587
4101	0.168095
4102	0.168143
4103	0.168191
4104	0.168343
4105	0.168589
4106	0.16878
4107	0.169011
4108	0.169228
4109	0.170002
4110	0.170356
4111	0.170563
4112	0.170563
4113	0.171104
4114	0.171902
4115	0.172121
4116	0.172304
4117	0.172408
4118	0.172542
4119	0.172597
4120	0.173671
4121	0.173885
4122	0.174269
4123	0.174521
4124	0.17486
4125	0.175214
4126	0.17522
4127	0.175311
4128	0.175311
4129	0.175479
4130	0.175479
4131	0.175687
4132	0.175687
4133	0.17614
4134	0.17614
4135	0.17614
4136	0.17616
4137	0.176356
4138	0.176511
4139	0.177467
4140	0.177467
4141	0.177931
4142	0.178816
4143	0.17947
4144	0.17951
4145	0.180245
4146	0.18066
4147	0.18066
4148	0.18066
4149	0.181542
4150	0.181658
4151	0.182105
4152	0.182105
4153	0.182148
4154	0.182477
4155	0.183028
4156	0.183426
4157	0.183912
4158	0.18399
4159	0.184313
4160	0.184461
4161	0.184857
4162	0.184961
4163	0.185076
4164	0.185439
4165	0.185757
4166	0.185961
4167	0.186014
4168	0.186247
4169	0.186305
4170	0.186318
4171	0.186455
4172	0.186455
4173	0.187715
4174	0.187992
4175	0.187992
4176	0.187992
4177	0.188593
4178	0.188593
4179	0.188593
4180	0.188672
4181	0.188672
4182	0.188926
4183	0.189728
4184	0.190256
4185	0.190432
4186	0.190473
4187	0.190577
4188	0.190577
4189	0.19132
4190	0.191775
4191	0.192767
4192	0.193516
4193	0.194562
4194	0.194814
4195	0.195016
4196	0.195545
4197	0.196229
4198	0.196229
4199	0.196658
4200	0.196658
4201	0.197825
4202	0.197932
4203	0.198034
4204	0.198772
4205	0.198786
4206	0.200688
4207	0.201073
4208	0.201369
4209	0.201369
4210	0.201839
4211	0.201864
4212	0.202425
4213	0.203035
4214	0.203076
4215	0.203076
4216	0.203397
4217	0.203397
4218	0.203397
4219	0.203899
4220	0.203997
4221	0.204444
4222	0.204496
4223	0.20559
4224	0.20559
4225	0.20559
4226	0.206056
4227	0.206703
4228	0.206703
4229	0.20673
4230	0.207967
4231	0.208366
4232	0.208893
4233	0.209338
4234	0.209559
4235	0.210383
4236	0.210383
4237	0.210916
4238	0.210916
4239	0.211416
4240	0.212449
4241	0.212591
4242	0.213006
4243	0.213191
4244	0.213191
4245	0.214923
4246	0.214923
4247	0.215006
4248	0.215988
4249	0.21664
4250	0.216865
4251	0.216907
4252	0.219089
4253	0.219204
4254	0.219204
4255	0.219718
4256	0.220215
4257	0.2207
4258	0.22083
4259	0.221198
4260	0.222597
4261	0.223844
4262	0.223844
4263	0.224798
4264	0.224987
4265	0.22547
4266	0.22547
4267	0.225981
4268	0.226365
4269	0.227004
4270	0.227121
4271	0.227505
4272	0.229066
4273	0.229339
4274	0.229892
4275	0.229949
4276	0.229949
4277	0.230083
4278	0.230298
4279	0.230314
4280	0.230314
4281	0.230718
4282	0.231228
4283	0.232021
4284	0.232046
4285	0.232484
4286	0.233142
4287	0.233245
4288	0.233772
4289	0.233977
4290	0.233977
4291	0.235093
4292	0.237005
4293	0.238295
4294	0.239598
4295	0.239646
4296	0.240124
4297	0.241922
4298	0.241922
4299	0.245256
4300	0.245256
4301	0.245726
4302	0.246308
4303	0.24814
4304	0.252392
4305	0.253028
4306	0.253133
4307	0.253172
4308	0.253706
4309	0.254018
4310	0.254396
4311	0.254486
4312	0.25645
4313	0.257102
4314	0.258098
4315	0.259583
4316	0.260773
4317	0.261194
4318	0.261447
4319	0.265721
4320	0.265721
4321	0.265947
4322	0.268691
4323	0.268691
4324	0.268829
4325	0.269913
4326	0.271187
4327	0.271187
4328	0.271458
4329	0.271965
4330	0.272772
4331	0.273843
4332	0.274031
4333	0.27466
4334	0.27466
4335	0.275798
4336	0.276228
4337	0.276544
4338	0.277623
4339	0.278354
4340	0.278743
4341	0.278843
4342	0.278843
4343	0.279333
4344	0.279333
4345	0.279333
4346	0.280111
4347	0.280765
4348	0.280765
4349	0.280865
4350	0.281702
4351	0.283034
4352	0.283932
4353	0.2841
4354	0.2841
4355	0.285383
4356	0.287318
4357	0.288249
4358	0.29
4359	0.29192
4360	0.292272
4361	0.292506
4362	0.292506
4363	0.293091
4364	0.293259
4365	0.293769
4366	0.293769
4367	0.294611
4368	0.294843
4369	0.295971
4370	0.296027
4371	0.296027
4372	0.296217
4373	0.296533
4374	0.296701
4375	0.297013
4376	0.297586
4377	0.297738
4378	0.297738
4379	0.298619
4380	0.298619
4381	0.298619
4382	0.299616
4383	0.301327
4384	0.301327
4385	0.302048
4386	0.303564
4387	0.305225
4388	0.30688
4389	0.306948
4390	0.309913
4391	0.309913
4392	0.310888
4393	0.312552
4394	0.313912
4395	0.314075
4396	0.314075
4397	0.31438
4398	0.31438
4399	0.314548
4400	0.315077
4401	0.316446
4402	0.317584
4403	0.320755
4404	0.321139
4405	0.321823
4406	0.321823
4407	0.321823
4408	0.322956
4409	0.323175
4410	0.323526
4411	0.325183
4412	0.325583
4413	0.326609
4414	0.327933
4415	0.328105
4416	0.328402
4417	0.32926
4418	0.330564
4419	0.331156
4420	0.331772
4421	0.331947
4422	0.332299
4423	0.333254
4424	0.333254
4425	0.334547
4426	0.336084
4427	0.336564
4428	0.339527
4429	0.339684
4430	0.340027
4431	0.340409
4432	0.340563
4433	0.340563
4434	0.340566
4435	0.341179
4436	0.341424
4437	0.344839
4438	0.347049
4439	0.347049
4440	0.350415
4441	0.350672
4442	0.351457
4443	0.354669
4444	0.359274
4445	0.369664
4446	0.371504
4447	0.373352
4448	0.373352
4449	0.373421
4450	0.37558
4451	0.376008
4452	0.376008
4453	0.377277
4454	0.380111
4455	0.381753
4456	0.382743
4457	0.383887
4458	0.384323
4459	0.384323
4460	0.384323
4461	0.385934
4462	0.389018
4463	0.392379
4464	0.392379
4465	0.399431
4466	0.399431
4467	0.401003
4468	0.401003
4469	0.402759
4470	0.403577
4471	0.403577
4472	0.40377
4473	0.403889
4474	0.404354
4475	0.404864
4476	0.404905
4477	0.406909
4478	0.406909
4479	0.407639
4480	0.407639
4481	0.408018
4482	0.409372
4483	0.409636
4484	0.410451
4485	0.412338
4486	0.413684
4487	0.418605
4488	0.418605
4489	0.420032
4490	0.423364
4491	0.42444
4492	0.42444
4493	0.428155
4494	0.428155
4495	0.432464
4496	0.432464
4497	0.432464
4498	0.432464
4499	0.432491
4500	0.432491
4501	0.434348
4502	0.436555
4503	0.437763
4504	0.450349
4505	0.450722
4506	0.451096
4507	0.451683
4508	0.45499
4509	0.455073
4510	0.457692
4511	0.457692
4512	0.457692
4513	0.457692
4514	0.457692
4515	0.459176
4516	0.459176
4517	0.463148
4518	0.465324
4519	0.467612
4520	0.478715
4521	0.479431
4522	0.482296
4523	0.482449
4524	0.491126
4525	0.491126
4526	0.491418
4527	0.491729
4528	0.498647
4529	0.498647
4530	0.500821
4531	0.503013
4532	0.504673
4533	0.504673
4534	0.505249
4535	0.505249
4536	0.505249
4537	0.509185
4538	0.514675
4539	0.518356
4540	0.518356
4541	0.521589
4542	0.537786
4543	0.537786
4544	0.547899
4545	0.551781
4546	0.556706
4547	0.56936
4548	0.570529
4549	0.572814
4550	0.576884
4551	0.577929
4552	0.583094
4553	0.585886
4554	0.585886
4555	0.591049
4556	0.604311
4557	0.609294
4558	0.610111
4559	0.610762
4560	0.610762
4561	0.622964
4562	0.622964
4563	0.622964
4564	0.622964
4565	0.649136
4566	0.657093
4567	0.657093
4568	0.657951
4569	0.68768
4570	0.695039
4571	0.695039
4572	0.695039
4573	0.718704
4574	0.718736
4575	0.722102
4576	0.72362
4577	0.729538
4578	0.729538
4579	0.730204
4580	0.730204
4581	0.732122
4582	0.732122
4583	0.742047
4584	0.744454
4585	0.744454
4586	0.745303
4587	0.779517
4588	0.794072
4589	0.794072
4590	0.804342
4591	0.839882
4592	0.848424
4593	0.848424
4594	0.877626
4595	0.885697
4596	0.891811
4597	0.906558
4598	0.906558
4599	0.915081
4600	0.915998
4601	0.929243
4602	0.952253
4603	0.952541
4604	0.968396
4605	0.98397
4606	0.98397
4607	0.994356
4608	1.00859
4609	1.01331
4610	1.01331
4611	1.05147
4612	1.05561
4613	1.08183
4614	1.08183
4615	1.08252
4616	1.08252
4617	1.08927
4618	1.11212
4619	1.13223
4620	1.21235
4621	1.223
4622	1.23506
4623	1.23506
4624	1.23627
4625	1.23701
4626	1.25065
4627	1.27853
4628	1.28702
4629	1.35855
4630	1.35855
4631	1.38572
4632	1.38611
4633	1.52224
4634	1.58034
4635	17.1197
4636	17.2326
4637	17.3206
4638	17.3206
4639	17.3206
4640	17.3372
4641	17.3646
4642	17.3646
4643	18.1287
4644	18.3336
4645	18.65
4646	18.6972
4647	18.7021
4648	18.7064
4649	18.7334
4650	18.7347
4651	18.7347
4652	19.3569
4653	19.3777
4654	21.7203
4655	21.7203
4656	21.7203
4657	21.7203
4658	21.7203
4659	21.7203
4660	21.7203
4661	21.7203
4662	21.7203
4663	21.7203
4664	21.7203
4665	21.7203
4666	21.7203
4667	30.7171
4668	30.7171
4669	30.7171
4670	30.7171
4671	30.7171
