0.307495 -0.254775 0.712079 0.106201 
-0.041741 0.084234 0.964301 0.020305 
0.368113 -0.329853 0.917476 0.032672 
0.384972 -0.289289 1.137460 0.157391 
0.031691 -0.053371 0.857160 0.016799 
0.218039 0.161275 0.860084 0.052348 
-0.140443 0.097671 1.086553 0.021726 
-0.157124 -0.328065 1.101786 0.079186 
0.242496 -0.282938 0.823993 0.068979 
0.328159 -0.282604 1.019802 0.128696 
-0.111954 -0.135572 0.956506 0.084371 
0.135444 -0.165841 0.728975 0.027216 
0.172612 0.055591 0.898436 0.121471 
0.173170 0.202440 0.887470 0.114666 
0.231657 0.091616 0.837671 0.039686 
0.048450 -0.062497 0.805624 0.036331 
0.338505 -0.130723 0.734899 0.109206 
0.045706 -0.029932 0.874045 0.021648 
0.046108 0.149820 0.902626 0.044096 
0.187760 -0.119215 0.831794 0.097096 
0.216409 -0.143601 0.811147 0.056355 
0.341461 -0.214901 0.918713 0.033530 
0.262081 -0.033839 1.207130 0.226089 
-0.037868 -0.231655 0.914590 0.028478 
-0.078230 0.003267 1.153082 0.122232 
0.152039 0.110638 0.761287 0.027606 
0.296263 -0.159314 0.744739 0.068709 
0.303835 -0.127298 0.879938 0.087067 
-0.265697 0.054650 1.202424 0.011925 
-0.162648 -0.210905 1.071082 0.022033 
0.046101 0.174571 0.943295 0.089607 
-0.017412 -0.283953 1.126048 0.152835 
0.242557 -0.196360 0.822786 0.028784 
0.490485 0.167913 1.162528 0.099865 
0.458283 -0.090957 1.053563 0.044189 
0.326667 -0.283739 1.019686 0.127986 
0.241226 -0.148803 0.957902 0.141918 
-0.260852 -0.062270 1.198306 0.029946 
-0.120743 -0.144314 0.808129 0.145540 
0.426797 0.052818 1.082833 0.070786 
-0.257341 0.057255 1.213892 0.017493 
-0.071906 -0.237291 0.950145 0.027269 
-0.128576 -0.011333 1.184457 0.125100 
0.220059 -0.258383 0.924755 0.128939 
0.216431 -0.251642 0.936816 0.137032 
0.270537 -0.212185 0.746615 0.055320 
0.521048 0.163464 1.210058 0.097544 
-0.209934 -0.071015 1.196193 0.057516 
0.001833 -0.129941 0.986506 0.091728 
-0.055036 -0.062940 0.936182 0.015923 
-0.248452 -0.387950 1.151636 0.014352 
0.112256 0.198376 0.902912 0.091090 
0.443487 -0.148849 1.144706 0.130236 
0.359571 0.088380 0.938845 0.028157 
0.065389 -0.190673 1.039363 0.158026 
0.252085 -0.026382 0.834986 0.016904 
-0.083520 0.011210 1.012352 0.037138 
0.109787 0.089951 1.607394 0.086619 
-0.180213 -0.198057 1.071933 0.033867 
-0.151271 0.059815 1.086628 0.020303 
0.144805 0.280144 0.833694 0.032422 
0.163593 0.271509 0.791038 0.017667 
-0.051381 -0.067458 0.933637 0.019050 
0.191769 -0.023485 1.567966 0.064365 
0.081154 0.247233 0.883641 0.041701 
0.142513 -0.360665 1.511943 0.087982 
-0.170868 -0.375103 1.046874 0.018870 
-0.257984 -0.230558 1.154760 0.016802 
-0.178397 -0.095389 1.098711 0.024932 
-0.148219 -0.192889 1.036143 0.029049 
0.058293 0.109143 0.893679 0.025073 
-0.048716 -0.294517 1.039863 0.118465 
0.029551 -0.276081 1.063474 0.159134 
0.183784 0.063876 0.823369 0.088559 
0.149844 -0.134203 0.747547 0.054356 
0.214973 -0.333991 0.859920 0.064893 
-0.194386 -0.051980 1.268998 0.052547 
-0.124418 -0.251429 1.059320 0.041254 
0.146901 0.254314 0.922507 0.098188 
0.010788 -0.340506 1.323584 0.092534 
-0.054322 -0.187279 0.915352 0.019805 
0.113649 -0.363214 1.027310 0.074605 
-0.065860 -0.148010 1.097908 0.119022 
-0.018888 -0.279727 1.072778 0.142790 
0.171510 -0.030324 1.425384 0.142975 
0.165787 0.035450 0.900469 0.130786 
-0.019486 0.058211 1.020791 0.067304 
-0.049710 0.099132 1.035446 0.051360 
0.007599 -0.328229 1.061162 0.105870 
-0.089717 -0.148393 1.061587 0.096979 
0.440066 -0.120317 0.986520 0.092826 
-0.138981 -0.165385 1.183964 0.116748 
0.041413 -0.182211 0.806592 0.021867 
0.182272 -0.274309 0.880264 0.127081 
-0.190366 -0.282257 1.073679 0.049682 
-0.128129 -0.341967 1.157522 0.106554 
-0.106220 -0.003168 1.161451 0.118215 
0.156589 -0.155845 1.290105 0.214620 
0.050903 0.134887 1.156935 0.207191 
0.037135 -0.169094 0.844365 0.023651 
0.067405 -0.329285 0.818369 0.027190 
0.057915 -0.230191 1.060068 0.165080 
-0.145492 0.057198 1.087487 0.023850 
0.184320 -0.282682 0.885242 0.121466 
0.170175 -0.265887 1.291852 0.197520 
0.163184 0.264101 0.797579 0.026153 
-0.056185 0.023805 1.023737 0.049920 
-0.042068 -0.063484 0.971949 0.019272 
-0.075444 -0.025055 1.328811 0.103745 
0.054376 0.143378 1.205820 0.228744 
0.159155 0.263760 0.791446 0.022255 
0.057603 -0.237009 0.980964 0.119130 
0.063861 -0.329699 0.811315 0.019721 
-0.034336 -0.169727 0.925280 0.035266 
0.011248 -0.266360 1.120774 0.172545 
0.061265 -0.019117 1.025735 0.120583 
-0.088803 -0.075473 1.387790 0.052533 
0.090144 0.100341 0.873981 0.038861 
-0.022574 0.067115 0.993161 0.046471 
-0.142207 -0.316915 1.119663 0.097875 
0.057897 -0.099629 0.766872 0.087455 
-0.218286 -0.332001 1.119527 0.075633 
-0.241318 -0.280070 1.164905 0.034118 
-0.133498 -0.079409 1.090611 0.034409 
-0.000617 -0.263466 0.809135 0.077048 
-0.093852 0.145925 1.279203 0.105890 
-0.170743 -0.338817 1.164597 0.098522 
0.135569 -0.284311 1.307199 0.170413 
-0.063879 0.172399 1.111497 0.113623 
0.153196 -0.285205 0.829771 0.108224 
-0.121988 -0.297036 1.268629 0.041862 
0.152470 -0.102970 0.850717 0.113448 
-0.159931 -0.377028 1.150814 0.088967 
-0.145245 -0.280552 0.991416 0.065813 
0.152554 -0.140897 0.740136 0.044378 
-0.012583 -0.040509 1.009103 0.060660 
0.367087 -0.229538 0.934044 0.029530 
0.217571 0.161464 0.860097 0.052841 
0.191323 0.032189 0.763036 0.049759 
-0.038036 -0.051503 0.980609 0.024851 
0.179434 0.096840 1.516173 0.118172 
0.135638 0.087250 1.541632 0.078910 
-0.062227 -0.210274 0.930386 0.008854 
-0.088295 0.156161 1.064036 0.095184 
0.042007 -0.220327 0.845269 0.027549 
-0.146993 0.022789 1.058645 0.022510 
-0.125066 -0.053777 1.152748 0.088539 
0.061256 0.163148 0.965920 0.103407 
0.067329 -0.348009 1.380875 0.104432 
0.151284 0.102741 1.541910 0.100526 
0.026280 0.099855 1.128586 0.168198 
-0.061989 -0.182300 1.291052 0.112242 
-0.084334 -0.029020 1.321219 0.100357 
0.195372 -0.365811 1.558750 0.069236 
-0.165330 -0.176582 1.180075 0.112173 
-0.065773 -0.219082 0.927434 0.017169 
0.083663 0.151878 1.405260 0.143124 
0.172018 0.064499 0.837521 0.097636 
-0.148949 0.080179 1.274808 0.041870 
0.087696 -0.026995 0.855191 0.039825 
-0.205721 0.175453 1.224108 0.071124 
-0.164807 -0.328512 1.145672 0.107193 
-0.065566 -0.236913 0.956864 0.027227 
-0.223639 -0.281518 1.148532 0.052323 
-0.253041 -0.241027 1.147560 0.018206 
-0.259404 -0.089488 1.167331 0.016255 
0.166135 0.076872 0.955586 0.143724 
-0.063949 -0.024434 1.021395 0.042985 
0.166201 0.158053 1.020083 0.184967 
-0.162560 0.139085 1.220639 0.114226 
-0.032052 0.051244 1.286767 0.124069 
0.073003 0.111482 0.913081 0.048748 
0.090649 -0.032381 1.332338 0.155102 
-0.169534 -0.199214 1.077990 0.033959 
0.044295 -0.255704 1.131692 0.189571 
0.185529 -0.308135 1.328541 0.165957 
-0.095900 -0.163491 1.181110 0.132827 
0.460090 -0.163616 1.148944 0.122070 
0.128700 -0.152125 0.972792 0.157752 
-0.037773 -0.180871 1.282959 0.119313 
-0.258974 0.128921 1.264743 0.080785 
0.091138 -0.155919 1.010324 0.163448 
-0.204097 -0.038339 1.229842 0.085373 
0.176124 0.118753 1.350976 0.212637 
0.159677 0.156521 1.356582 0.212667 
0.185464 -0.010555 1.595508 0.036732 
0.095736 -0.421805 1.472315 0.022721 
0.097905 0.060325 1.560840 0.043329 
0.089704 -0.256434 1.459901 0.042621 
-0.137896 -0.055850 1.032503 0.031427 
-0.116260 -0.046158 1.374211 0.093124 
0.043739 0.174349 1.240668 0.219195 
0.025201 -0.282846 0.924193 0.098907 
-0.051799 -0.179195 1.278347 0.121024 
0.100790 0.020009 1.513040 0.029098 
0.168376 -0.209524 1.450386 0.114694 
0.076656 -0.166640 1.296584 0.158116 
-0.125827 -0.038237 1.368255 0.097327 
-0.135258 -0.202570 1.063784 0.034345 
-0.027680 0.149219 1.232132 0.175908 
0.069530 -0.016143 1.503805 0.036807 
0.022416 -0.226350 0.819387 0.037331 
0.075348 -0.167115 1.298400 0.156174 
0.179272 0.013381 0.756261 0.037536 
-0.188479 0.134349 1.225713 0.106566 
0.161724 0.169397 1.367227 0.203180 
0.172516 0.129540 1.526758 0.102713 
-0.013442 -0.315027 0.941841 0.061411 
-0.048530 -0.054855 0.972921 0.015150 
0.217373 -0.246120 0.659967 0.090968 
0.155590 0.164127 1.227387 0.275863 
0.174086 -0.023920 1.315703 0.222383 
0.059127 -0.029715 0.843345 0.015478 
-0.229464 -0.266431 1.128416 0.050654 
0.027112 -0.030739 1.421083 0.091237 
-0.122037 -0.128318 1.284809 0.037017 
0.012609 0.141580 1.229017 0.205583 
0.160888 0.164755 1.363865 0.206281 
0.183854 -0.060887 1.478705 0.112334 
0.015916 -0.127398 0.944713 0.092473 
-0.064898 -0.090563 0.971573 0.029104 
-0.064517 0.125219 1.340978 0.107187 
0.033548 -0.056824 0.858838 0.018205 
-0.037603 -0.122959 1.365071 0.025576 
-0.157572 0.140212 1.220180 0.115958 
0.153304 0.132709 1.153002 0.243846 
0.037806 -0.232083 0.840105 0.035577 
0.084030 -0.230668 0.808421 0.033030 
-0.205521 -0.303659 1.083964 0.072717 
0.168689 -0.017891 1.330507 0.211889 
-0.050154 -0.180355 1.278195 0.121822 
0.380024 -0.156213 1.159894 0.169567 
0.114051 -0.028997 1.502175 0.065081 
0.091968 -0.408731 1.445561 0.029450 
0.178791 0.204346 0.858886 0.104252 
0.012587 0.132087 1.227579 0.202723 
-0.063644 0.028991 1.017990 0.039581 
-0.030452 -0.184951 1.297295 0.108630 
-0.022780 -0.003384 1.341647 0.086765 
-0.157217 0.140316 1.220123 0.116082 
-0.012202 -0.330356 1.370795 0.056860 
-0.088800 -0.164220 1.208587 0.119433 
-0.072044 -0.155429 1.062230 0.103812 
-0.135621 0.035970 1.305681 0.026544 
0.121667 -0.195616 1.348378 0.161983 
-0.085733 -0.275567 1.061530 0.083328 
-0.162590 0.024877 1.134362 0.063310 
-0.120717 0.182166 1.310835 0.053830 
0.153165 -0.141648 0.744388 0.046308 
0.180719 -0.053335 1.555214 0.070134 
-0.240742 -0.219926 1.138096 0.038448 
-0.125301 -0.133348 0.963188 0.088941 
-0.189610 0.134282 1.226847 0.105848 
-0.141101 0.148144 1.233335 0.113020 
-0.031859 0.098176 1.072239 0.091747 
0.013844 -0.284366 0.903675 0.092563 
0.088303 -0.168277 0.788717 0.032492 
-0.112286 -0.227835 1.224894 0.063899 
0.166282 -0.252169 0.929718 0.150213 
0.172268 -0.246875 0.668349 0.074522 
0.062096 0.072567 1.498868 0.044266 
0.119827 0.017990 0.813433 0.080450 
0.565417 -0.048454 1.194364 0.053171 
0.169920 0.142657 1.574187 0.057363 
0.063117 -0.187711 0.821910 0.015592 
0.057868 0.094551 0.931058 0.059937 
-0.110591 -0.305590 1.023603 0.080214 
0.087283 -0.251948 0.751171 0.076507 
-0.017647 0.060314 1.119601 0.133328 
-0.062084 0.079766 0.991878 0.017635 
0.180245 0.102470 1.476701 0.130489 
0.102111 -0.007196 1.515668 0.039877 
0.152348 -0.170759 1.292620 0.213351 
-0.141942 0.182535 1.320721 0.033584 
0.137921 0.032074 0.865135 0.107289 
0.176001 -0.341805 1.355978 0.148127 
-0.110129 0.060956 1.080744 0.042746 
-0.199063 -0.301668 1.008820 0.073138 
-0.161754 -0.323704 1.142239 0.107658 
0.100629 -0.038425 1.395137 0.136201 
0.002686 0.032756 1.071842 0.115828 
-0.056732 -0.297080 0.998150 0.095834 
0.155234 0.248868 0.910357 0.095676 
0.160519 -0.190013 1.305502 0.208164 
0.158189 -0.260884 1.287979 0.197861 
0.184383 -0.268368 0.775846 0.093970 
0.038646 0.171999 1.017897 0.116952 
0.074178 0.031103 1.502493 0.018010 
-0.187793 0.137242 1.219041 0.107471 
-0.057215 -0.161546 1.056383 0.109446 
0.139665 -0.076278 1.531348 0.078025 
-0.200751 -0.043097 1.202475 0.079500 
-0.050461 0.057047 0.981660 0.035563 
-0.249385 -0.366231 1.129156 0.030237 
-0.053678 0.071154 1.005684 0.033272 
-0.131185 -0.005346 1.195700 0.125057 
-0.012271 0.046677 1.096780 0.122322 
-0.127965 -0.375206 1.223539 0.047215 
-0.257661 -0.088510 1.167256 0.017715 
-0.121490 -0.011445 1.228226 0.105250 
-0.183488 -0.015655 1.229317 0.096140 
-0.066461 -0.292953 1.022692 0.103683 
-0.208400 0.171878 1.230659 0.069214 
0.176760 -0.266974 0.836408 0.109745 
0.174136 -0.251960 0.919290 0.147928 
0.165945 0.197935 0.929505 0.133313 
0.383536 -0.289268 1.140580 0.156651 
-0.022523 0.204752 1.246884 0.161544 
0.164951 -0.008221 1.032037 0.185269 
-0.012963 -0.320242 1.230373 0.145165 
0.007239 0.064152 1.098582 0.135627 
-0.034253 0.056641 1.422468 0.016139 
-0.222951 -0.336409 1.115815 0.071278 
0.074098 0.137857 1.454761 0.097941 
0.043225 0.174334 1.241841 0.218140 
0.065798 0.058615 1.509069 0.026964 
0.093081 -0.153407 0.810316 0.041368 
0.174327 0.203909 0.878931 0.111965 
-0.026518 -0.119079 1.382318 0.020264 
-0.099286 -0.155428 1.175555 0.131475 
0.082791 -0.349639 1.381542 0.106524 
-0.158168 -0.008132 1.200653 0.116183 
0.001208 -0.320450 1.233011 0.147572 
-0.055865 -0.007756 1.055585 0.072669 
0.173874 0.129536 1.524792 0.104414 
-0.013845 -0.147031 1.407023 0.035165 
0.044870 -0.051581 0.873063 0.021505 
0.055968 -0.254905 1.185348 0.199499 
0.178808 -0.010526 1.578668 0.051838 
-0.025874 0.016446 1.381168 0.044957 
-0.035726 -0.192825 1.258300 0.128739 
0.321874 -0.164494 1.234161 0.166027 
0.194655 -0.024078 1.286285 0.234437 
0.470756 -0.316683 1.192894 0.084265 
0.099383 -0.044287 1.400100 0.128558 
0.185140 -0.370858 1.494526 0.086015 
-0.213147 0.140844 1.197580 0.091431 
-0.007376 0.143929 1.229860 0.190852 
-0.180713 -0.170738 1.194692 0.107330 
0.182121 0.056686 1.262524 0.247168 
0.003134 -0.299887 1.216452 0.157615 
0.051360 -0.143601 1.317036 0.121493 
0.179825 -0.273884 0.875692 0.126086 
-0.034097 0.131793 1.302298 0.137348 
-0.012011 -0.020356 1.334195 0.103162 
-0.019685 0.077846 1.438071 0.040107 
-0.012910 -0.138534 1.396884 0.031985 
-0.126027 0.167782 1.303124 0.061142 
-0.105864 0.152440 1.219951 0.133162 
0.466724 -0.164179 1.147174 0.118487 
0.112297 -0.349157 1.362194 0.123431 
-0.150627 0.146626 1.251322 0.098316 
-0.114002 -0.343984 1.199233 0.086354 
-0.055321 -0.167000 1.282290 0.111589 
0.512505 -0.172555 1.201791 0.080560 
0.153550 0.044925 1.361303 0.176356 
0.064658 -0.148579 1.303041 0.141126 
0.192250 -0.315863 1.332019 0.160752 
0.017437 -0.232812 1.197136 0.179082 
0.203039 -0.056536 1.501706 0.101250 
0.174267 -0.246636 0.928714 0.152144 
0.407823 -0.148786 1.157528 0.156116 
-0.147993 -0.079271 1.279430 0.021932 
0.284156 -0.358312 1.347808 0.119197 
0.556874 0.103593 1.215820 0.058601 
0.182370 -0.051734 1.360560 0.177580 
0.390419 -0.292831 1.137040 0.154576 
0.033193 -0.253079 1.183080 0.193974 
-0.127690 -0.291841 1.268160 0.034510 
0.161310 0.085620 1.556562 0.093117 
0.588179 0.052871 1.167006 0.031864 
-0.116474 -0.344483 1.291421 0.084204 
-0.011210 -0.267230 0.778268 0.089605 
-0.084395 -0.122074 0.819117 0.122420 
0.054487 -0.328102 0.784185 0.011100 
0.318138 -0.335256 1.117165 0.126613 
-0.164760 0.141955 1.236238 0.104560 
0.296444 -0.333807 1.235376 0.138170 
0.256047 -0.035757 0.837651 0.014418 
0.018267 -0.125243 0.901297 0.084801 
-0.081513 -0.148548 1.155723 0.130779 
0.029180 -0.288062 1.059149 0.147660 
0.173464 -0.173030 1.301004 0.212457 
-0.068092 0.077378 0.975451 0.014270 
0.066027 -0.356825 1.085959 0.097196 
0.380912 -0.221560 1.124051 0.143005 
0.384075 -0.230819 1.131868 0.146489 
-0.133430 0.028993 1.161573 0.085692 
0.153931 -0.295968 0.722199 0.039183 
0.463169 -0.064095 1.067693 0.034615 
0.220700 -0.031307 1.125149 0.206542 
0.475696 -0.080151 1.134218 0.080667 
0.182872 0.134346 1.294776 0.245162 
0.580951 0.067725 1.197049 0.029652 
0.215637 -0.142985 0.811364 0.057354 
0.183190 0.113723 1.329155 0.224434 
0.181290 -0.046662 1.302835 0.222331 
0.375685 0.083863 0.985905 0.029195 
0.373371 -0.338612 0.907992 0.019947 
0.395594 -0.012774 0.986825 0.047316 
0.174277 -0.272252 0.776943 0.091947 
0.220219 0.029281 1.043868 0.190779 
0.161671 -0.179790 0.686431 0.024372 
0.401342 -0.141720 0.953050 0.070974 
0.474724 0.161993 1.180388 0.116084 
0.426798 -0.004403 1.188424 0.143538 
0.194174 -0.027782 1.286553 0.233402 
-0.148606 0.148212 1.209468 0.115736 
0.182438 0.140790 1.256333 0.267283 
0.361351 -0.089274 0.994843 0.070309 
0.042127 -0.220407 0.845448 0.027686 
-0.053501 0.071274 1.006411 0.033669 
0.196409 0.014444 1.008025 0.192846 
0.151656 0.109993 0.762933 0.028217 
0.012834 0.160301 1.141127 0.175451 
0.497864 -0.226499 1.058434 0.026723 
0.230620 -0.010331 1.226113 0.242126 
-0.152658 0.092291 1.089634 0.012846 
0.585757 0.168818 1.095291 0.092098 
0.183418 -0.269770 0.895352 0.133025 
0.316465 -0.171620 1.249562 0.158522 
0.185697 -0.341436 1.100802 0.118311 
0.188155 -0.056381 1.546166 0.078686 
0.512310 -0.180056 1.061993 0.037884 
0.244083 -0.265264 0.725570 0.095409 
0.042823 0.147547 1.111559 0.169164 
0.135119 0.208165 0.772324 0.069704 
0.152021 -0.286114 0.976830 0.130782 
0.183235 -0.321663 1.348480 0.153370 
0.268617 -0.188237 0.820035 0.011135 
0.222550 -0.078581 1.000769 0.168227 
-0.161476 0.088402 1.110607 0.016771 
0.524884 0.152456 1.140939 0.074872 
0.511799 0.000474 1.180589 0.105683 
-0.086050 -0.052100 1.145016 0.106315 
0.015289 0.094634 1.128734 0.162763 
0.166216 0.158282 1.019512 0.184544 
0.507586 0.084911 1.093206 0.021388 
0.135403 0.091708 1.580992 0.085998 
0.249878 -0.285091 1.411822 0.060876 
0.371418 -0.103159 0.992943 0.075320 
0.176401 -0.168440 1.300830 0.212826 
0.584883 -0.204262 1.170654 0.043151 
0.167318 0.140212 1.384236 0.193461 
0.154808 -0.003081 0.743582 0.019962 
0.203291 -0.170232 1.294570 0.200069 
0.256048 -0.190075 0.815941 0.015716 
-0.059647 -0.293480 1.029020 0.108890 
0.020187 0.172242 1.011664 0.102256 
-0.089761 0.020166 1.011835 0.029749 
0.330452 -0.261102 0.939733 0.073124 
0.100726 -0.107613 0.798176 0.085931 
-0.030546 0.173135 1.035905 0.087977 
0.045179 -0.186674 0.808694 0.019910 
0.365924 -0.247729 0.699228 0.130839 
0.254069 -0.010205 1.225632 0.227321 
0.278174 -0.246460 0.834698 0.046493 
0.174419 0.203963 0.878620 0.111837 
0.184908 -0.341552 1.101834 0.118705 
0.173995 -0.121903 0.843212 0.108625 
0.483243 0.220030 1.091489 0.029577 
0.031663 -0.157139 0.852633 0.037373 
0.473719 0.164204 1.177302 0.114853 
0.419694 -0.142015 1.087057 0.110369 
0.298933 -0.283958 0.991954 0.122784 
0.190389 -0.382803 1.488751 0.079698 
-0.082033 -0.043875 0.992170 0.030826 
0.371642 0.226146 1.213734 0.171834 
0.116113 -0.348108 1.034106 0.088516 
0.441931 0.167460 1.204290 0.141260 
0.337878 0.028797 1.012314 0.094048 
0.218311 -0.278187 0.838532 0.088934 
0.041335 -0.146757 1.017009 0.137184 
0.170070 -0.108754 0.815469 0.102179 
0.196137 -0.303351 1.369388 0.126026 
0.340058 -0.277582 1.034728 0.131806 
0.250955 -0.086627 0.873619 0.063621 
0.337950 0.028844 1.011767 0.093674 
0.039926 -0.251620 1.103164 0.186396 
-0.082703 0.035971 1.049975 0.046039 
0.167239 0.227542 0.911907 0.110831 
0.472154 -0.010700 1.179900 0.120518 
-0.062029 -0.024054 1.101352 0.094393 
0.382099 -0.160009 1.155056 0.168166 
-0.134783 0.051567 1.051602 0.011609 
0.005673 -0.018358 0.841176 0.036182 
0.085314 -0.118180 0.793752 0.071298 
-0.159296 -0.179218 1.178988 0.111131 
0.440649 0.018055 1.066783 0.077006 
0.243711 -0.040903 0.812511 0.017353 
0.580158 0.105176 1.237340 0.055605 
0.163592 0.269833 0.791789 0.019179 
0.197421 0.020035 1.055274 0.212773 
0.198036 -0.090816 1.271621 0.221967 
0.173194 -0.210081 1.482751 0.110040 
0.330259 0.161252 1.262105 0.190843 
0.230536 -0.334275 1.217004 0.145857 
0.188299 -0.015130 1.296381 0.232160 
0.230352 -0.255654 0.938762 0.132358 
0.165349 -0.250976 0.933155 0.151623 
0.521560 -0.172317 1.147344 0.091597 
0.494997 0.161252 1.217419 0.114464 
0.037166 -0.169546 0.844113 0.023162 
-0.112993 0.006319 1.143221 0.098367 
-0.044810 -0.211995 0.947980 0.016877 
0.310633 -0.328885 1.094310 0.117675 
-0.108261 -0.282384 0.937831 0.080546 
-0.151722 -0.131122 1.002531 0.079904 
0.149498 -0.100301 0.837873 0.109722 
0.046044 0.150245 0.903149 0.044730 
0.041151 -0.019637 0.818012 0.027327 
-0.131511 -0.011613 1.188275 0.125536 
0.279800 -0.322713 1.224042 0.149196 
-0.061711 0.004940 1.117805 0.108104 
0.245865 -0.174234 0.814461 0.019991 
-0.027351 -0.129517 0.848393 0.086346 
0.221738 -0.335534 1.212443 0.144203 
0.174736 0.194046 0.970793 0.151050 
-0.158441 0.071731 1.085126 0.011245 
0.398798 -0.150298 1.156400 0.161444 
0.471136 -0.056899 1.061113 0.024018 
0.476302 -0.143854 1.089915 0.082340 
0.174597 -0.254366 0.915241 0.146019 
-0.174318 0.055723 1.094231 0.016168 
-0.075095 0.076564 0.972890 0.016321 
0.287526 -0.160505 0.751718 0.058712 
0.270076 0.183027 1.044426 0.143656 
-0.096208 -0.045494 0.980272 0.031353 
-0.087258 -0.005274 0.981542 0.010098 
-0.053726 -0.034294 0.990065 0.031306 
0.138256 -0.110322 0.761988 0.082478 
0.173442 0.161938 1.043736 0.201045 
-0.060806 0.019229 1.069060 0.076670 
0.102426 -0.310013 1.178877 0.170428 
0.024017 0.194870 0.925281 0.071117 
0.183448 -0.273924 0.884071 0.128236 
0.530718 -0.014574 1.184171 0.090074 
0.389912 -0.014088 1.190096 0.162372 
0.146452 -0.102164 0.795997 0.094401 
0.478363 -0.038042 1.042691 0.018875 
-0.095493 0.024781 1.011744 0.024448 
-0.131148 -0.002446 1.138207 0.090799 
0.553321 0.120960 1.220488 0.069099 
-0.058739 -0.120594 0.858742 0.096608 
0.001799 -0.292212 1.028116 0.126261 
0.062444 -0.146377 1.010126 0.147554 
0.199256 0.027841 1.047232 0.209261 
0.381626 -0.294890 1.126161 0.154672 
0.119485 0.014898 0.811006 0.078606 
0.453813 0.159441 1.198302 0.135642 
0.304399 -0.282776 0.984257 0.118912 
0.139692 -0.098950 0.811611 0.101642 
-0.062534 -0.333228 0.894850 0.024756 
-0.258845 -0.213364 1.174463 0.031172 
0.162415 -0.302567 0.722270 0.034598 
-0.207347 -0.016171 1.190470 0.075645 
0.214181 -0.209212 0.826990 0.054198 
0.242664 -0.260870 0.948829 0.128475 
-0.120668 -0.071053 1.105239 0.053315 
0.235208 -0.021787 1.217127 0.240222 
0.051925 -0.257985 1.070667 0.172766 
-0.079535 0.001115 1.152583 0.121916 
0.048469 -0.260062 1.079319 0.176652 
-0.196312 0.180154 1.222116 0.071147 
0.060906 0.166558 0.967780 0.106332 
-0.119248 -0.006403 1.177416 0.123983 
0.012889 0.172728 1.056419 0.121876 
0.073393 -0.282461 0.910668 0.111855 
0.008699 -0.139058 0.989300 0.103304 
0.015909 0.168888 1.065592 0.128202 
0.249239 -0.123587 0.971475 0.149549 
-0.163916 -0.210305 1.071783 0.022894 
-0.041240 -0.339507 0.942445 0.033877 
-0.005071 0.196107 1.069851 0.107604 
-0.153679 -0.204475 1.037526 0.020017 
0.039619 0.171114 1.025718 0.120284 
-0.137849 0.158620 1.202269 0.115201 
-0.059820 -0.293858 1.064432 0.114085 
-0.074065 -0.147613 1.101286 0.114113 
0.147815 -0.059623 0.788284 0.060150 
-0.029122 -0.129887 0.848993 0.087381 
0.365476 0.103433 0.978377 0.024366 
0.058922 -0.269256 0.975452 0.126402 
0.139491 0.195318 0.787061 0.062864 
-0.010611 -0.139023 0.987696 0.091379 
0.050224 -0.084262 0.780921 0.067505 
0.518609 0.163795 1.208476 0.098877 
0.100650 -0.106152 0.790422 0.088263 
0.450312 0.160691 1.198466 0.137463 
-0.256832 0.134730 1.232032 0.071919 
0.097123 -0.306996 1.177901 0.173081 
0.180816 0.156697 1.062051 0.212627 
0.263571 -0.172074 0.895389 0.074687 
0.172505 0.064620 0.838140 0.098022 
0.171467 -0.140820 0.947956 0.161703 
0.270875 -0.131147 0.934676 0.121273 
0.043345 -0.186328 0.808323 0.020716 
0.211237 0.018784 0.981119 0.166128 
-0.184287 0.134691 1.222119 0.109021 
0.020842 -0.338320 1.027665 0.095826 
-0.086366 -0.308521 1.049776 0.096954 
0.052121 -0.337241 0.824585 0.027168 
0.339192 -0.130335 0.734905 0.109798 
-0.031456 0.056997 0.974640 0.044134 
0.418475 0.005977 1.183545 0.146318 
0.075409 0.172117 1.225024 0.240460 
-0.091942 -0.150970 1.071541 0.098073 
-0.140694 -0.292230 0.967091 0.081154 
-0.187125 0.106455 1.132090 0.028564 
-0.172614 0.065180 1.109913 0.017562 
0.082195 0.080863 0.843292 0.045079 
-0.039590 -0.166712 1.073207 0.125922 
-0.239893 0.033410 1.202704 0.041676 
0.049881 0.241709 0.825330 0.047626 
0.168145 0.196135 0.894071 0.117102 
0.080264 -0.290760 1.150921 0.173304 
0.100707 -0.158039 0.996167 0.161024 
-0.250566 0.200897 1.222509 0.025323 
0.247627 -0.195659 0.821401 0.024564 
0.219318 -0.149662 0.700640 0.048666 
0.319965 0.080091 1.030367 0.093084 
0.081511 -0.248552 1.010801 0.154807 
0.333741 -0.136021 0.790156 0.077473 
0.337414 -0.116665 0.818027 0.090155 
0.005797 0.170651 1.079901 0.132735 
0.340652 -0.273861 0.774308 0.081809 
0.353045 -0.240138 0.933450 0.043274 
0.273794 -0.174861 0.784760 0.021736 
0.300042 -0.158352 0.820489 0.038340 
0.474851 0.012474 1.178693 0.119013 
0.521855 0.167197 1.207856 0.094438 
0.026064 -0.280644 1.052461 0.150666 
0.247172 -0.257049 0.706144 0.099530 
0.172601 0.055059 0.906062 0.125348 
0.221862 0.159282 0.858330 0.047912 
0.256105 -0.202211 0.770664 0.028693 
-0.178593 -0.291456 1.154577 0.089512 
0.019412 -0.214326 0.817405 0.032115 
0.279873 -0.280799 0.876040 0.087940 
-0.151447 -0.321811 1.140633 0.107777 
0.049797 -0.076248 0.792045 0.054431 
0.058095 0.094631 0.931170 0.060078 
0.168075 -0.107960 0.812448 0.100799 
0.242027 -0.115157 0.887582 0.094158 
0.191148 -0.208483 0.852399 0.085484 
-0.047530 0.012973 1.080546 0.094574 
-0.056657 -0.196430 0.948586 0.015599 
0.013227 0.146274 0.882201 0.042021 
-0.159457 -0.175830 1.179236 0.112894 
0.578869 -0.113086 1.152033 0.043042 
0.089261 0.039204 0.829372 0.080041 
0.092927 -0.244738 0.991345 0.153364 
-0.090608 -0.149976 1.080293 0.099356 
0.044573 -0.147382 1.016261 0.138737 
-0.014745 -0.316644 0.941425 0.059465 
0.100437 -0.106627 0.793382 0.087382 
-0.036428 -0.297564 0.996759 0.096575 
0.181433 -0.127933 0.952346 0.163237 
0.252098 0.112861 0.830420 0.014327 
0.180238 -0.174159 0.701162 0.014707 
-0.104834 -0.152034 1.070867 0.089928 
-0.162797 0.029466 1.129158 0.056607 
0.324057 0.088218 1.030157 0.087841 
-0.142285 -0.045843 1.065045 0.025938 
-0.051373 -0.113299 0.908280 0.063074 
-0.143571 -0.338630 1.088503 0.065123 
0.039097 -0.035713 0.834785 0.011697 
0.048691 0.108822 0.881751 0.011169 
0.223147 0.228472 1.100769 0.201978 
0.161687 -0.049643 0.764650 0.034824 
0.047388 -0.260032 1.082148 0.177849 
0.238384 -0.253345 0.695131 0.094115 
-0.087895 -0.055823 1.150538 0.108693 
0.481666 -0.074090 1.118350 0.063204 
-0.246480 -0.279307 1.156190 0.033900 
0.109779 -0.362437 1.030088 0.075194 
0.025088 -0.143218 1.002324 0.119413 
-0.030428 -0.330548 0.937437 0.040698 
0.151103 0.152049 1.219479 0.273690 
-0.138925 0.216960 1.099145 0.037730 
-0.059425 -0.124944 0.884070 0.084788 
0.015112 0.141701 0.867951 0.034373 
-0.081692 0.052038 1.050486 0.045095 
-0.258303 -0.254550 1.154828 0.016259 
-0.235862 -0.280014 1.139914 0.048758 
0.163416 -0.264732 0.747189 0.078226 
0.123817 -0.138094 0.926640 0.122828 
-0.095119 -0.313457 1.140148 0.119042 
-0.042247 -0.350031 0.938557 0.023316 
-0.254050 -0.266885 1.179923 0.015518 
0.171925 0.043088 0.964663 0.161815 
0.190802 -0.000943 1.037513 0.206239 
0.153354 -0.058200 0.758136 0.040684 
0.069613 -0.225066 0.873821 0.051338 
0.000146 -0.266101 0.775446 0.084013 
-0.177148 0.008507 1.205647 0.099515 
-0.069186 0.082361 1.088470 0.079972 
0.142114 -0.253129 0.942041 0.147657 
-0.072907 0.081060 0.973128 0.013280 
0.151788 -0.101483 0.845675 0.112381 
-0.243621 -0.090836 1.185788 0.019967 
0.059867 -0.177921 1.032333 0.150962 
0.087351 0.056992 0.835149 0.065440 
0.049783 -0.076496 0.791697 0.054839 
-0.043228 -0.061974 0.966361 0.014291 
0.232406 -0.253061 0.696626 0.090214 
0.417155 0.027613 1.078164 0.089314 
0.519665 0.165055 1.208165 0.097325 
-0.077389 -0.078719 0.956478 0.021639 
0.290399 -0.316059 1.232267 0.155173 
-0.146295 -0.240504 1.048586 0.018609 
0.016005 -0.252464 1.158265 0.187026 
0.438601 -0.122650 1.002341 0.087596 
0.071943 0.213351 0.853871 0.053735 
0.082942 -0.169370 1.019630 0.161357 
-0.035640 -0.074328 0.950435 0.021713 
0.383043 -0.163574 1.049729 0.119165 
