-0.077649 -0.031289 0.936933
-0.052605 -0.018335 0.941823
0.417083 -0.343341 0.882961
0.023596 0.098795 0.806095
-0.145792 0.059145 1.055927
0.406351 0.201724 0.702400
1.538176 -0.397552 1.318146
0.394677 0.141630 0.846074
-0.172624 -0.079054 1.064989
-0.160417 0.161516 1.004788
0.400892 -0.106755 0.833933
0.360988 -0.100874 0.735284
-0.217724 0.500799 1.200451
0.629486 -0.232679 1.139594
0.444229 0.506947 0.753667
0.416126 -0.511086 0.875514
-0.034513 -0.032676 0.941082
-0.099199 -0.242730 0.834917
0.029342 0.092603 0.872769
-0.226982 0.377108 1.313322
0.433557 -0.002769 0.685872
0.415170 -0.214736 0.903290
0.433699 0.557918 0.725406
0.266604 -0.086668 0.725814
0.266926 -0.076873 0.730586
-0.299116 -0.374158 1.266894
0.541875 -0.148299 0.852903
1.537259 -0.397685 1.319093
-0.523572 0.251520 1.127727
0.509549 0.007425 0.719542
-0.155089 0.071955 0.939485
0.359465 -0.542467 1.168171
-0.311673 0.037344 0.991530
0.244006 -0.075697 0.700052
-0.013150 0.884031 0.693092
0.405201 -0.217638 0.915135
0.543409 0.050141 1.078841
0.090043 0.328525 0.776279
0.622294 0.247863 1.174108
-0.197555 0.088971 1.077487
0.447921 0.208383 0.792528
-0.254301 -0.190865 1.274374
0.179302 -0.733963 0.571977
-0.386971 0.320519 1.036868
1.345489 -0.265729 1.477985
1.202260 0.075487 0.483390
-0.613692 0.322933 1.043382
0.132953 -0.607069 0.998423
0.213224 -0.096549 0.669460
0.133698 -0.550102 0.994711
0.498498 -0.436037 0.873212
1.064480 -14.872834 1.070160
-0.155449 -0.815487 0.597796
-0.384916 0.282898 1.265075
0.346400 -0.489466 0.821800
-0.107004 0.049608 0.995706
1.708342 9.687826 -1.714256
-0.203208 0.089814 1.075310
-0.035536 -0.437297 0.842055
-0.051684 0.049573 1.639777
-0.404576 0.179151 1.000717
1.319287 -0.434463 1.546123
-0.167021 0.101398 1.044995
0.147789 0.045583 0.618195
-0.302044 -0.086771 1.208111
0.136239 -0.041789 1.770400
0.016683 -0.423730 1.691252
-0.078689 0.008419 1.402589
0.432615 3.061182 0.810869
0.612218 -0.083186 1.209906
0.186714 0.173640 0.712827
-0.646429 -4.204387 0.510947
-0.423378 0.833005 1.085446
0.211204 0.562765 1.182369
-0.168657 -0.104664 1.292205
-0.930307 -0.123608 0.869173
0.500176 0.049773 -0.283203
-0.152772 -0.551901 0.955115
-0.402531 0.188011 1.003022
-0.103581 -0.516488 0.927201
-0.092985 0.030617 0.501241
-0.251669 0.023978 0.992182
-0.041219 -0.097044 1.419600
-0.121293 -0.470310 1.550537
-2.816275 -7.402383 -1.235190
-0.303147 -0.086759 1.208886
-0.280002 0.008443 1.331515
0.119832 -0.688612 0.386069
0.087995 -0.500152 0.747028
-0.122461 -0.485640 1.148549
-0.172278 -0.479953 0.989909
-0.078668 -0.700023 1.351718
-0.299574 0.058132 1.577669
-0.175113 0.261993 1.150139
-0.159744 0.071970 1.047787
0.244546 -0.498186 0.902506
-0.146687 -1.127921 1.078944
-0.201745 0.376618 0.963024
0.259208 -0.574592 1.572696
-0.154225 -0.680410 1.341462
-0.038226 -0.257398 0.892252
-0.009072 -1.023860 1.069305
-0.181262 -0.232952 1.030740
-0.344181 0.270727 1.262254
-0.242122 -0.139679 1.025898
-0.207529 0.035885 0.941345
-0.422889 -0.053030 1.270252
0.273077 -0.386990 0.379628
-0.216441 0.272824 1.438040
-0.232834 -0.331539 1.251666
-0.110115 -0.124490 1.489217
-0.256987 -0.388774 1.573101
-0.191517 -0.242748 1.328335
0.162757 0.181184 1.663638
-0.718777 -0.166192 0.998247
0.091991 -0.317129 1.489014
-0.154998 -0.422522 0.999228
0.033082 -0.372391 1.580608
-0.633834 0.621090 0.108208
0.080152 -0.532514 1.381231
0.168739 -0.018301 0.715059
-0.213369 -0.490374 1.097399
-0.188115 -0.066565 1.063990
0.316371 0.381299 0.711197
0.054587 -0.300954 1.515409
0.280574 -0.345794 0.344149
-0.048025 -0.526266 0.812417
-0.294700 0.019177 1.278408
-0.341375 -0.135100 1.020857
-0.654407 0.091282 0.947451
-0.034509 -0.510687 0.820480
-0.149206 -0.068260 0.996025
-0.150272 -0.445367 0.984037
-0.067294 -0.240833 0.818300
-0.275257 -0.227147 1.308660
-0.359364 -0.546944 1.003605
-0.052174 -0.014749 0.941227
-0.497796 0.071681 0.929361
-0.218825 0.507419 1.195847
-0.208732 -0.266595 1.042987
0.061958 0.026037 1.546719
-0.450898 -0.261889 2.152067
0.196672 -0.497660 1.398201
-0.273028 0.005936 1.018435
-0.071326 -0.304152 1.367814
-2.218520 -8.860800 -0.500438
-0.202594 0.161174 0.964954
0.280431 0.211658 0.717285
0.177687 0.004913 0.670590
-0.335138 0.131584 0.998402
0.418563 -0.019368 0.673553
-0.064998 -0.185467 0.955433
0.327920 -0.524672 0.724320
-0.065093 0.021029 1.518973
-0.162798 -0.355757 1.383231
-0.364120 -0.067368 2.014393
0.294170 0.037422 1.698339
-0.163511 -0.016905 1.848400
-0.246452 0.008066 1.469673
-0.872172 0.054620 0.696271
-0.311441 -0.449542 1.123512
0.148333 -0.144658 1.589848
0.036528 -0.207811 1.474325
-0.229441 -0.792702 0.741974
-2.475944 3.206449 8.621070
-0.019020 -0.000286 0.638515
0.542879 0.192420 0.922128
0.626474 -0.821070 1.199015
0.478124 0.110738 1.577347
0.680553 0.055082 1.184648
-0.333063 -0.320959 1.413778
-2.762895 -7.420383 -1.264616
-0.055338 -0.484038 0.868128
-0.078208 0.395422 1.643186
0.171113 -0.706807 0.590807
-0.149071 10.358383 -0.599568
-0.400117 -0.502563 1.710047
-0.269794 0.034910 0.984763
-0.245000 0.010159 0.713690
0.054177 -0.041899 2.035857
0.504799 0.126683 1.016632
-0.339149 -0.243445 0.966403
-0.174168 0.057138 1.044281
-0.308575 -0.030721 1.037867
0.440120 -0.552688 1.625893
-0.248001 0.097205 1.552073
-0.393115 -0.062633 2.024790
-0.322988 -0.480917 1.097858
-0.297027 0.090767 1.607354
-0.135842 -0.356036 1.348778
0.014772 0.029768 1.578393
0.291195 -0.575492 1.504370
-0.101513 0.043927 1.745975
-0.168854 0.870286 1.894769
0.230026 0.219094 1.820222
-0.027147 -0.659124 1.334931
-0.300157 -0.415737 1.195397
-0.180992 0.045059 1.325351
-0.312551 0.056169 1.457478
-0.180733 0.633381 1.816835
-0.275403 0.061384 1.148400
-0.284174 0.064202 1.140832
-0.248998 0.522262 1.939550
-0.320231 -0.179799 1.228024
-0.047101 -0.113238 1.411937
-0.418274 -0.476267 1.736862
-0.287313 -0.326684 1.385043
-0.066598 0.055484 1.655279
-0.316577 -0.460069 1.224231
-0.071587 -0.054915 0.955256
-0.187393 -0.072236 1.053715
0.011368 -0.071049 1.544766
-0.053492 -0.552640 1.544855
-0.296221 -0.096147 1.112824
0.007550 -0.442355 1.654493
0.151361 -0.278385 1.889801
0.054028 -0.042247 2.037770
-0.307121 1.580181 2.569997
-0.171573 -0.099330 1.332625
-0.172711 -0.491603 1.273613
0.044501 0.032652 1.537836
-0.321108 -0.336103 1.483561
-0.032060 -0.661538 1.337209
0.192104 0.076333 1.720190
0.843910 -0.106101 2.592648
0.200264 -0.829445 1.209991
0.161474 0.178944 1.656131
0.054870 0.028777 1.525225
0.217676 -0.119010 1.772030
-0.166305 -0.256756 1.270883
0.622344 -0.328756 1.271991
0.574026 0.059261 1.563632
0.343999 0.079746 1.676498
0.683080 -0.210930 1.430707
-0.267453 0.016219 1.320342
-0.038267 0.039642 1.630875
-0.196099 0.015509 0.992791
-0.057024 -0.217140 1.472597
-0.230598 0.318942 1.329700
0.673031 -0.021035 0.809902
-0.062416 1.278014 2.289369
-0.395677 -0.073904 2.038919
-0.336170 0.161015 1.027302
-0.194064 0.085454 1.079800
0.354966 0.028258 1.683661
-0.215915 -0.471287 1.000464
-0.172429 -0.098822 1.334735
-0.217047 0.273626 1.438871
-0.038775 -0.544870 1.551038
0.155186 -0.054080 1.731249
-0.440340 0.157843 2.049419
-0.134228 -0.174149 1.635098
0.468536 -0.155029 1.707360
0.601650 -0.198943 1.396666
0.630410 -0.002803 1.407946
-0.785805 1.850879 3.610159
0.050712 -0.144705 1.530425
0.172414 0.186702 1.696109
-0.356765 0.161865 0.998025
0.233026 0.074104 1.794639
-0.059458 0.041961 0.908758
-0.273154 0.118480 1.363931
-0.205906 -0.479384 1.639382
-0.066772 0.104578 0.972148
0.203430 -0.722738 0.597342
-0.180263 0.427960 1.502882
0.063472 0.192895 0.755374
-0.060211 -0.297297 1.400140
-1.092685 10.401781 0.293517
-0.381017 -0.057963 1.011602
-0.410147 0.224460 1.277617
0.170205 0.244854 0.736718
0.052833 0.026099 1.540329
-0.117914 -0.035867 1.377478
-0.174782 0.211612 1.362481
-0.187372 -0.072169 1.053842
-0.206481 -0.244948 1.019136
-0.192892 0.157134 0.975365
-0.238031 -0.264795 1.003688
0.266280 -0.573417 1.574510
-0.019987 -0.230301 1.685052
-10.197977 -2.948756 1.070160
-0.169037 0.060375 1.063264
-0.089785 0.178175 0.857099
-0.270895 0.164037 1.570822
0.099150 -0.491313 1.375179
0.948023 -0.235904 1.625793
-0.305976 -0.032566 1.040763
-0.058563 0.045289 1.447506
0.067757 -0.499264 1.608183
-0.879240 -0.652247 1.958433
0.177880 -0.338343 1.842305
-0.630321 0.386621 1.059811
-0.254168 -0.190661 1.274208
0.114407 -0.737476 1.238055
-0.220170 -0.137253 1.809184
-0.110208 -0.124600 1.491362
0.086439 -0.016227 1.951049
0.260508 -0.572060 1.526545
-0.341799 -0.407930 1.633012
-0.118879 -0.065004 1.521099
-0.058506 -0.472699 1.080729
0.066450 0.212670 1.629879
-1.734601 -9.281922 -0.573340
-0.156354 0.022713 1.333578
-0.292548 -0.416142 1.134062
0.045698 0.032514 1.535244
-0.115097 0.310673 1.789710
-0.466283 -0.030063 0.978398
-0.110254 -0.561548 1.542731
-0.098388 -0.356403 1.442683
-0.123041 -0.182930 1.593856
-0.072521 -0.369205 0.907436
-0.147356 -0.637290 0.867149
-0.239218 0.286397 1.300852
0.026997 -0.377563 1.606856
-0.282004 -0.245742 1.173727
0.404080 -0.243749 1.668765
0.335771 -0.865154 1.264544
-0.402417 -0.274417 1.101577
-0.333287 -0.075096 1.231946
0.171599 -0.259515 1.803558
-0.037927 -0.099869 1.415748
0.488961 -0.158047 1.694727
0.922694 -0.124826 1.095527
0.754695 -0.013021 1.052500
0.722968 -0.033700 0.959791
0.305934 -0.154095 1.853392
-0.024762 0.070143 1.668393
0.197006 -0.648109 1.199396
-0.133813 -0.116070 1.633351
-0.331055 -0.281041 1.152679
-0.195556 -0.260154 1.411057
0.340998 -2.058078 0.900340
-0.183403 0.096911 1.096460
-1.033339 10.301928 0.133725
-0.172101 0.005059 0.947774
0.507093 -0.055475 1.013944
-0.123509 -0.363721 1.484861
-0.190089 -0.193886 1.816791
0.351113 0.409516 -0.285561
-0.199056 -0.476878 1.641114
-1.581501 -4.308347 -0.246958
-0.641060 0.105531 0.957227
0.235713 -0.761428 1.233624
0.252634 -0.585253 1.557556
0.361733 -0.566315 0.713004
0.039867 0.030618 1.543741
0.204902 0.051067 1.832143
0.454262 0.085207 1.579414
-0.159286 -0.424419 1.250106
-0.302124 0.087529 1.492093
-0.221696 0.013198 1.484827
0.192763 -0.494638 1.548397
0.196086 -0.267746 1.851074
0.229333 -0.094548 1.612804
0.550170 -0.096580 1.605674
-0.267600 0.057588 1.183423
0.006428 -0.233393 1.648048
-0.623246 -0.230794 2.382364
0.007080 -0.460039 1.013383
-0.051876 -0.050321 1.486482
0.617149 0.007815 1.082687
0.327676 -0.606060 1.530694
0.451273 -0.375680 1.554602
-0.237466 -0.182210 1.843373
-0.364310 -0.167302 1.115022
-0.131807 -0.103900 1.614753
0.313598 0.867960 1.800800
0.106840 0.046946 1.703391
0.121951 0.026305 1.798693
0.397243 -0.565205 1.597773
0.309251 -0.594163 1.546315
1.348077 -0.419466 0.731863
0.013634 -0.286858 2.036099
-0.111876 0.066098 1.581005
-0.077668 0.049905 1.698245
-0.341198 0.033261 1.800167
-0.335099 0.119389 1.764282
0.266797 -0.405109 0.771059
-0.170446 0.072317 1.448256
0.493645 -0.039462 1.598272
-0.089175 -0.620256 1.089176
-0.668652 -2.338016 0.648291
0.098738 -0.191344 1.593987
1.064480 -11.970478 -0.935951
0.448653 0.480638 1.709272
0.528575 -0.302902 1.236600
0.522244 -0.244205 1.045779
0.184225 0.028209 1.727715
1.517938 -0.392205 1.296055
0.577801 -0.654379 1.584589
-0.284450 -0.416343 1.140406
-14.386437 0.766415 1.070160
0.294413 -0.002630 1.620447
0.503261 -0.793500 1.440751
0.369993 -0.235219 1.665826
0.669800 -0.094517 1.577291
0.553349 0.336287 0.946415
-1.190858 -0.749460 2.168764
-0.392344 0.317749 1.036995
0.500165 -2.072006 0.967295
-0.824477 -0.139461 0.880217
0.179663 -0.551492 1.553019
0.542137 -1.372123 1.204401
-0.286075 -0.262491 1.359200
0.503827 -0.232746 1.633753
-0.529913 -0.035597 1.169942
0.224900 -0.165682 1.693130
0.166240 -0.421962 1.828549
0.585121 -0.170469 1.648367
0.443182 -0.000690 0.685608
-0.226241 0.302199 1.334240
-0.265075 -0.289010 2.021130
0.506039 -0.480641 0.862722
0.059788 -0.251457 0.644917
0.329749 -0.775439 1.252333
0.543164 -0.049149 0.662439
0.825800 -0.878394 1.575134
0.156174 -0.027830 0.705883
0.872364 0.077975 1.297246
0.280227 0.211618 0.717548
0.370591 0.147900 0.871001
0.135768 -0.351576 0.661096
0.566200 0.322104 1.027431
0.486043 0.166002 0.806850
0.429291 -0.365553 0.878694
0.633685 -0.141153 1.008283
0.117814 -0.542956 0.977215
0.298424 -0.303508 1.485000
0.456289 0.079455 0.719685
0.454259 0.093117 0.727202
0.519617 -0.007974 0.711866
-0.506586 -2.594779 0.834313
0.106381 -0.136544 1.594727
1.064481 10.575682 -1.483832
0.388742 1.884792 1.159424
0.043536 0.064415 0.562475
-0.090410 0.030723 0.497357
-0.143589 0.064785 0.951954
0.506032 -0.059462 1.047482
0.326632 0.550584 0.149142
0.464411 -0.012961 0.668964
-0.282129 0.097044 0.900521
0.185472 0.331238 0.824312
0.364864 -0.472666 0.846782
0.655804 -0.040478 1.426496
-0.209671 0.016262 0.978629
-0.108633 0.385528 0.863788
-0.223729 0.336491 1.011671
-0.171404 -0.068506 1.057445
-0.015085 0.336049 0.869672
-0.095760 0.098705 0.986337
0.148148 0.168504 0.762064
0.879972 -0.168256 1.255939
0.140556 0.481474 0.871483
0.022760 -0.348570 2.004949
0.529767 0.076755 1.085978
0.262122 0.342513 0.780714
0.533371 -0.202902 1.004209
0.455735 0.413881 0.797267
-0.004857 -0.422692 1.676783
1.028270 -0.673836 1.594530
0.519611 -0.555910 1.061243
0.280698 -0.434110 0.667379
0.447447 0.143809 0.963562
0.448015 -0.645217 1.378909
0.564845 -0.041233 1.055172
0.457785 -0.308130 0.866286
0.599643 -0.193958 1.347332
0.307506 -0.476541 0.683876
0.335894 -0.491957 0.819870
0.088234 0.054941 0.618105
0.650689 -0.140426 0.940080
0.554193 -0.140505 1.042681
0.597659 0.017847 0.813223
0.046881 -0.442380 0.526018
0.751490 -0.220192 1.470810
0.547210 0.350253 0.976116
0.446316 -0.232031 0.823962
0.493019 0.720912 0.876804
0.507962 -0.579271 0.849019
0.811460 -0.799939 1.572894
0.052271 0.193462 0.642891
0.238544 -0.545961 0.958563
0.118027 -0.572589 0.984894
0.107725 0.349551 0.751689
0.086224 0.327641 0.775530
0.039499 0.190122 0.743271
0.057352 0.195592 0.791527
-0.070781 0.105363 0.968526
0.003202 0.122099 0.536341
0.015264 0.155359 0.580090
0.441888 0.154140 1.063143
0.497311 -0.521727 0.866716
1.092159 -1.144565 1.605640
0.666303 0.374271 1.066177
0.176839 0.321190 0.777211
0.667794 -0.141344 1.108683
0.732101 -0.153566 0.883177
0.607448 0.005680 0.812518
0.116205 -0.173123 0.701546
0.598185 -0.724588 0.867844
0.541404 -0.363711 1.364603
0.526917 -0.612929 0.825713
0.582187 -0.069492 1.481604
0.336625 -0.531108 0.664185
0.216828 -0.118230 1.766715
0.443297 -0.554890 1.624709
0.482165 0.663565 0.852471
0.361315 0.287566 0.623990
0.659401 -0.820021 0.901778
0.378090 -0.438252 0.887075
0.201803 0.374359 1.632767
0.331886 -0.465563 0.829412
0.290501 0.156370 0.873232
0.930849 -1.905428 1.117076
0.553693 0.365344 0.951334
0.126749 0.000884 0.706150
0.849660 -0.187166 1.588290
0.687781 -0.117794 1.586643
0.428691 1.049644 1.456795
-0.729111 -0.204867 2.648886
0.487008 -0.183731 1.369809
2.484278 -1.773532 0.907439
1.111305 -0.190708 1.744966
0.063569 -0.249209 0.623095
0.131292 -0.535872 1.554415
0.452023 -0.612025 0.792544
0.314749 -0.328958 1.551209
0.199202 0.190743 0.692248
0.158342 0.274889 0.757004
-0.622796 0.359867 1.053102
0.384849 1.129225 1.454063
0.530721 0.090930 1.043061
0.275573 -0.253017 1.527973
0.561094 0.020934 0.847862
0.588745 0.343479 1.375192
0.456245 0.048184 0.718166
0.631517 -0.040476 0.768831
0.325718 0.092984 1.700947
0.551213 0.363728 0.953696
-0.099908 0.107927 0.987278
-0.169073 0.005724 0.932886
0.023417 0.300083 0.873904
-0.167259 0.692774 0.912936
-0.150517 0.033988 1.059391
0.094134 0.626685 0.818293
0.479817 -0.388833 1.594231
0.484379 -0.398183 1.591767
0.753235 -0.143219 1.571735
-0.036312 -0.843966 0.478604
0.313157 -0.009889 0.733662
-1.827351 1.133614 4.944322
0.645815 -0.068841 1.521908
0.648682 -0.126064 1.598632
0.781012 0.180833 1.219393
0.118280 0.064567 0.672061
0.422269 -0.592757 0.783559
0.538350 -0.363748 1.363267
-0.245472 0.057487 0.941595
0.207660 -0.494372 0.663415
-0.148982 0.160740 0.983737
0.041526 0.101435 0.821579
-0.164114 -0.002724 0.988137
0.114351 0.345045 0.755232
0.012382 0.321523 0.867818
0.619652 -0.336950 1.385499
0.622763 0.267179 1.181529
-0.053467 0.141610 0.736115
0.123686 0.138213 0.748929
-0.057553 -0.012819 0.939619
0.174194 0.019967 0.663015
0.860220 -0.218251 1.557926
0.746673 0.141009 1.180584
0.134332 0.059139 0.666739
0.247264 0.247916 0.616603
0.596418 -0.298181 1.086393
0.665861 0.375204 1.065949
2.677548 -2.920946 1.143836
0.654139 0.356012 1.057182
-2.151849 10.287816 1.070160
0.642920 0.319971 1.174734
0.535204 -0.639193 1.095330
0.361550 -0.563720 0.716635
0.434368 -0.606888 0.782044
0.300989 0.405954 0.794178
2.326541 -0.127852 -0.293567
0.542564 -0.027667 0.884468
0.420517 0.111238 0.975171
0.439017 0.080566 0.926871
0.038706 -0.470444 0.839262
0.363278 -1.284466 0.837377
0.604688 0.466441 1.208399
0.039572 0.185357 0.803340
0.580291 -0.041411 1.044509
-0.153403 0.151380 0.856629
0.369249 -0.705682 0.767710
0.524487 -0.034411 0.674514
-0.159276 0.036527 0.980985
-0.261534 0.071779 0.930320
0.261500 -0.617945 1.042067
-0.218571 0.069296 0.822522
0.691860 -0.063024 1.160432
0.515408 -0.052941 1.033136
0.009750 -0.837530 0.295316
-0.120522 10.400745 -0.579991
0.055336 -0.715090 1.025152
0.582168 -0.796444 1.099710
-0.322210 -1.833894 1.002684
0.016111 -0.244972 0.716783
0.815940 0.120685 1.252208
-0.566870 0.098032 1.029119
0.447843 -0.234074 0.828359
0.846521 -1.661349 1.107720
0.136953 -0.002582 0.249468
0.552868 -0.029076 1.023172
0.454853 0.595671 0.756962
0.853221 -0.167938 1.248266
-0.075721 -0.050811 0.954680
-0.070846 0.105736 0.968688
0.063279 0.208803 0.771324
0.080711 0.367661 0.740050
0.037159 -0.348665 0.665752
0.075249 0.357376 0.738607
-0.018344 0.022315 0.837940
0.099067 0.150340 0.692191
0.133723 -0.564554 0.989179
-0.462653 -0.027100 1.197923
0.073024 -0.363902 0.741460
0.336933 -0.531766 0.664962
-0.037647 -0.091466 0.609347
0.056698 0.171620 0.749747
0.015123 -0.647257 0.468512
0.203557 -0.627845 0.527268
0.012967 -0.789791 0.331063
-0.011033 0.162194 0.735537
-0.074086 -0.522300 0.867369
0.831194 0.112942 1.266889
0.050476 0.093806 0.312939
-0.176447 0.035676 0.771945
1.160454 3.784170 0.252672
-0.206799 0.044332 0.749379
0.168863 -0.018474 0.715464
-0.034001 -0.405433 0.915372
-0.156118 -0.021182 0.951319
0.347350 -0.558248 0.693593
0.792155 0.883664 0.912712
-0.160290 0.642370 0.908932
0.035444 0.119087 0.838853
2.059370 -0.645654 0.901815
-0.049453 -1.020201 0.351849
0.368335 0.989615 0.125989
-0.168312 0.006283 0.924846
0.299953 0.374475 0.718159
-0.314094 -0.465450 1.179083
0.510869 0.123365 0.917191
-0.088548 0.307941 0.972824
-0.168061 0.041295 1.052455
2.418303 -0.756929 0.629865
-0.169639 -0.156662 0.819292
0.329489 0.153615 0.763823
-0.222413 0.131008 0.941780
0.289811 -0.458407 0.865293
0.086252 0.447126 0.809434
0.637664 -0.141198 1.002990
-0.604274 0.102112 1.002125
1.064481 13.325307 1.070160
0.472759 0.086926 0.907154
-0.293658 -0.706034 1.019393
0.024887 -0.785213 0.269997
-0.253048 0.089735 0.879884
-2.742999 -7.374210 -1.322510
0.062896 -0.112334 0.641529
0.204297 -0.633575 0.523791
-0.293188 0.096813 0.904010
-0.249385 -1.665325 1.029402
-0.392499 -1.756870 0.056533
-0.145274 -0.150847 0.791873
-0.260296 0.293521 1.112047
-0.168081 0.005620 0.927682
-0.150623 0.151562 0.860342
0.022045 0.316666 0.867741
-0.067526 -0.043905 0.940697
0.202976 0.211815 0.679898
-0.139514 0.040133 0.995743
0.268709 -0.014057 0.755480
-0.230378 0.391760 0.986146
-0.424268 3.079372 0.859142
0.214106 -0.317291 0.118232
-0.228314 0.380911 1.314184
-0.077967 0.106067 0.947246
0.616599 0.474199 1.449303
-0.286051 0.252799 1.206217
-0.308083 -0.016760 1.034236
9.169451 0.766415 -3.503820
-0.191616 -0.536042 0.926419
1.180288 -0.255839 1.633749
0.356789 0.150763 0.743763
0.541036 -0.401686 0.909869
0.553433 0.106020 0.855579
0.586770 -0.274536 0.953052
0.317592 -0.027493 0.801034
1.188753 -0.257498 1.635656
-0.138740 0.507273 0.888628
-0.350239 0.619830 1.053674
-0.448508 0.043604 1.122219
-0.169975 0.092480 1.079251
0.741703 -0.136564 0.875412
-0.120085 0.401076 0.867612
0.502863 -0.457279 0.869355
-0.081478 0.369289 0.868996
0.551658 0.109031 0.856312
0.292885 -0.341103 0.789733
0.653940 -0.030760 0.995685
0.006210 0.322993 0.877424
0.192514 0.292213 0.765706
-0.080311 -0.013319 0.916969
-0.369782 0.150488 0.971810
-0.039268 -0.397548 0.884586
2.279847 -0.111992 -0.259317
0.767838 -0.124464 0.863714
-0.155213 -0.508045 0.966734
-0.204505 0.284853 1.245011
0.639038 -0.291079 0.995124
0.194586 -0.026845 0.743301
0.439858 0.141130 0.967833
1.474869 0.921767 0.221846
0.874763 0.075395 1.298657
-0.159544 -0.415313 1.020677
0.018655 0.097348 0.800596
-0.209024 -0.906149 0.570696
-0.157296 -0.410601 1.011441
0.689717 -0.047744 0.780073
-1.587265 -9.468666 -0.551423
0.627942 -0.275479 0.932432
-0.042998 -0.413463 0.908372
0.258868 -0.079470 0.733620
-0.257793 -0.017361 1.076795
0.303425 -0.101131 0.735113
0.226468 -0.057240 0.605576
-0.158275 0.072416 0.938197
0.532505 -0.142098 0.863722
-0.792546 -0.004504 0.864424
-0.067004 0.137643 0.730819
-0.021018 0.161602 0.795539
0.023121 -0.614794 0.651509
1.461639 -1.193067 1.690818
0.149804 0.160524 0.710435
-0.332203 -0.181756 1.252339
-0.120758 0.070327 0.994935
-0.222172 0.305535 1.308142
-0.330887 0.268224 1.262572
-0.083879 -0.494776 0.931099
0.649893 0.178027 1.166893
0.091356 0.394786 0.703887
-0.200145 0.015956 0.988973
-0.658072 -0.228040 1.307080
-0.293824 0.065166 1.201288
-0.373325 0.660178 1.066424
-0.077457 -0.534356 0.856157
0.703979 -0.005782 1.075323
0.765743 -0.315856 1.030741
0.621887 -0.136031 1.032609
-0.386712 -0.203156 0.936599
0.026554 0.039949 0.796841
0.519052 0.182178 0.927717
0.179342 0.321766 0.776672
0.495438 0.161741 0.981968
0.374651 0.153051 0.726569
0.683240 -1.969385 1.034791
1.159449 -0.484094 0.768620
-0.008594 0.807660 0.698520
0.248168 0.446723 1.159909
0.412500 0.128536 0.967951
-0.308576 -0.030816 1.037871
0.527865 1.118955 0.649715
-0.187677 -0.060693 1.069011
-0.107400 -0.604479 0.788973
0.235394 0.438587 1.175460
0.392089 -0.107288 0.837370
-0.018779 0.073444 0.773911
14.722548 0.766415 1.070160
1.064480 3.308409 12.511075
-0.314868 0.144960 1.463843
0.476770 0.203707 0.852907
0.066549 -0.521774 0.732917
-0.291614 0.043917 1.012279
0.658022 -0.283388 0.961150
3.605992 1.432319 -8.790929
0.363217 0.138697 0.734705
0.407506 0.152584 0.720042
0.527398 -0.086145 0.761426
0.537357 -0.161760 0.859496
-1.004903 -3.231091 -0.309008
-0.172811 -0.429297 1.024366
-0.200967 -0.766845 0.710627
-0.137909 -0.597817 1.112164
-0.043526 -0.034427 0.944219
-0.291082 0.264573 1.094812
-0.277545 -0.892797 0.731531
-0.157585 -0.409457 1.012036
-0.133780 -0.129805 0.718515
-0.212766 0.073107 0.822072
0.656136 0.538717 1.013589
-0.034289 -0.738691 0.559066
-0.000878 -0.345278 0.786574
0.055223 -0.548680 0.709352
0.263496 -0.087925 0.721500
-0.307528 0.260405 1.195070
-0.077825 -0.031077 0.936850
-0.122530 0.028638 0.546581
-0.420251 0.246786 1.277551
-0.153839 -0.554374 0.954099
-0.411396 0.002671 1.193433
-0.170052 -0.677146 0.810809
-0.120927 0.401190 0.868016
-0.108964 0.385844 0.863572
-0.062554 -0.023058 0.940457
2.326062 -2.417723 1.303505
-4.004461 -8.568909 0.753009
-0.054035 -0.377175 0.923647
-2.769089 -7.390281 -1.285220
-0.354646 -1.073440 0.692074
-0.328013 -0.180783 0.980771
1.064481 0.766415 -12.833726
-1.591435 10.752299 1.070160
-2.299802 -6.146878 -0.883343
-0.783993 -0.020671 0.845567
0.143688 -0.679875 0.433677
0.018472 -0.248201 0.716775
-0.317478 -0.368278 1.292625
-0.117426 0.143065 0.730501
-0.029374 0.161449 0.860746
-0.059360 0.327210 0.932504
-0.113356 0.066931 0.999861
-0.146341 0.064699 0.864642
-0.321568 -0.179968 1.257375
-1.903577 -9.317483 -0.403780
-1.147630 -1.745020 0.415398
-2.697907 -7.367790 -1.368411
-0.243077 -0.764046 0.842841
-12.420303 0.766415 -0.490305
-3.208512 -8.143906 -0.272815
0.519429 0.165693 0.864245
0.286935 0.136079 0.841808
0.620736 0.458942 1.435019
-0.393047 0.093253 0.932586
0.480048 -0.375918 1.038449
-0.186084 -0.073836 1.047033
0.373677 -0.556510 1.165077
-0.214062 -0.022343 1.110444
0.498138 -0.053433 0.733039
-0.248581 0.172838 0.940721
0.240882 -0.705759 0.980743
0.595358 -0.280075 0.960042
0.549965 0.116401 0.861894
-0.076949 -0.049569 0.955031
