62
5.925875	-7.623691	-2.866933	97.042628	1	18.734724
1.357518	-12.238927	5.67864	158.790839	1	21.720288
5.111783	-12.873184	0.751029	177.507764	1	21.720288
1.357518	0.998856	18.568893	284.295316	1	30.717126
1.413911	-0.803558	2.089264	1.859853	1	1.013315
1.031169	-6.072187	-9.095565	126.345417	1	17.364615
6.717471	-1.43122	9.581979	105.435775	1	18.733364
4.219405	-11.245839	3.209433	136.478341	1	18.706424
2.73902	2.859132	1.351192	8.513054	1	1.212351
6.395536	-6.520181	-3.331981	90.989705	1	18.650027
-0.143674	-9.180283	-5.218578	111.971105	1	17.320622
17.367853	0.998856	0.751029	262.40992	1	30.717126
2.466088	0.453496	-4.911005	32.004092	1	1.28702
1.357518	0.998856	-16.291996	274.113471	1	30.717126
0.3751	0.581047	-1.191357	2.411559	1	1.008588
12.213281	-4.597378	0.751029	145.651499	1	21.720288
7.235064	-7.260016	-1.819015	100.31866	1	18.734724
0.067656	0.874587	1.125955	0.443394	1	1.223004
0.122447	0.879172	1.181791	0.489821	2	1.235061
11.324385	-0.554753	5.575498	123.838908	1	18.33365
0.719606	-10.191156	-5.103339	129.660632	1	17.320622
8.978117	-2.143692	-4.673553	99.601261	1	18.702135
1.357518	-2.403133	14.843088	184.012072	1	21.720288
2.487164	2.04872	1.521517	4.960789	1	1.132232
11.900708	0.998856	6.469453	144.480468	1	21.720288
1.244787	-0.544155	2.037809	1.285753	1	1.013315
3.245002	-1.612281	-2.483572	19.561238	1	1.051469
9.335087	7.829533	1.665445	123.463353	1	19.356936
-1.977152	-2.962042	-9.254583	104.962582	1	17.364615
5.249214	0.128046	-10.849576	148.894352	1	19.377727
11.694609	0.998856	-4.849309	145.881875	1	21.720288
0.010261	0.248702	1.56992	0.463509	1	1.278531
6.412922	-3.770912	-5.785803	89.478706	1	18.697213
-2.036496	0.334299	-12.357059	164.746342	1	18.128714
10.203537	7.835053	0.751029	138.19158	1	21.720288
0.394878	1.438169	1.145373	0.58857	1	1.236271
-0.46811	0.019658	1.507158	0.39907	1	1.089275
-1.534317	0.495562	-5.740913	39.465227	1	1.385718
-20.236844	0.998856	0.751029	351.108899	1	30.717126
-10.650177	7.438944	0.751029	138.796498	1	21.720288
-0.898847	0.087246	1.445313	0.455625	1	1.081825
0.105086	0.340178	1.708914	0.589613	1	1.386112
-0.219628	1.859546	1.279817	1.599639	1	1.580335
-1.573757	1.094377	-2.456551	10.58294	1	1.358553
-0.990369	0.051648	1.587978	0.622366	1	1.250648
-5.850352	0.522554	-9.203591	121.983259	1	17.337214
0.05708	1.070627	1.196872	0.538478	1	1.237008
-1.188359	-1.13755	3.134357	5.486151	1	1.112121
-2.150494	-2.936022	4.321039	19.873236	1	1.52224
1.357518	-17.891864	0.751029	300.375614	1	30.717126
-0.823173	0.093561	1.385822	0.387956	1	1.081825
-0.791559	0.087907	1.382609	0.375007	1	1.082516
-2.545504	-4.212002	-7.597058	86.626416	1	17.119724
-0.968762	0.059666	1.55491	0.578282	1	1.082516
-4.001775	-12.4513	0.751029	154.910252	1	21.720288
-3.857766	0.998856	-11.355481	151.360597	1	21.720288
-0.702313	-8.035855	-5.734227	99.917369	1	17.320622
-3.598307	-11.694405	-0.217196	136.071359	1	17.232607
-1.719509	1.060364	-2.87647	13.586758	1	1.358553
1.357518	-10.899945	-5.052538	144.590512	1	21.720288
-4.099637	0.998856	13.017048	149.111498	1	21.720288
1.357518	0.099643	-15.314596	244.25991	1	21.720288
